      3.00   -274.30461250   -274.10257784   -274.10756858   -274.05999269   -273.84068655     
      3.40   -274.31461250   -274.15257784   -274.14756858   -274.12795871   -273.93575812     
      3.41   -274.31562543   -274.15338363   -274.14841592   -274.12895628   -273.94122970     
      3.42   -274.31661393   -274.15416955   -274.14924361   -274.12993007   -273.93892284     
      3.43   -274.31757857   -274.15493604   -274.15005209   -274.13088065   -273.94431453     
      3.44   -274.31851990   -274.15568355   -274.15084183   -274.13180868   -273.94574234     
      3.45   -274.31943844   -274.15641251   -274.15161321   -274.13271457   -273.94722303     
      3.46   -274.32033471   -274.15712337   -274.15236668   -274.13359895   -273.94875889     
      3.47   -274.32120920   -274.15781649   -274.15310259   -274.13446231   -273.95033276     
      3.48   -274.32206243   -274.15849235   -274.15382143   -274.13530518   -273.95193017     
      3.49   -274.32289486   -274.15915131   -274.15452355   -274.13612804   -273.95354011     
      3.50   -274.32370697   -274.15979381   -274.15520942   -274.13693143   -273.95515498     
      3.51   -274.32449921   -274.16042013   -274.15587922   -274.13771575   -273.95676930     
      3.52   -274.32527204   -274.16103067   -274.15653339   -274.13848150   -273.95837931     
      3.53   -274.32602588   -274.16162582   -274.15717232   -274.13922912   -273.95998239     
      3.54   -274.32676117   -274.16220588   -274.15779629   -274.13995902   -273.96157725     
      3.55   -274.32747835   -274.16277128   -274.15840573   -274.14067174   -273.96316245     
      3.56   -274.32817780   -274.16332232   -274.15900092   -274.14136765   -273.96473721     
      3.57   -274.32885994   -274.16385933   -274.15958219   -274.14204717   -273.96630093     
      3.58   -274.32952514   -274.16438261   -274.16014984   -274.14271069   -273.96785318     
      3.59   -274.33017383   -274.16489061   -274.16070382   -274.14336013   -273.96939797     
      3.60   -274.33080629   -274.16538736   -274.16124511   -274.14399277   -273.97092687     
      3.61   -274.33142298   -274.16587137   -274.16177373   -274.14461066   -273.97244391     
      3.62   -274.33202419   -274.16634287   -274.16228990   -274.14521404   -273.97394899     
      3.63   -274.33261034   -274.16680220   -274.16279397   -274.14580342   -273.97544228     
      3.64   -274.33318132   -274.16724888   -274.16328526   -274.14637708   -273.97691787     
      3.65   -274.33373828   -274.16768354   -274.16376543   -274.14694034   -273.97839032     
      3.66   -274.33428111   -274.16810790   -274.16423464   -274.14748947   -273.97984830     
      3.67   -274.33481015   -274.16852112   -274.16469275   -274.14802583   -273.98129468     
      3.68   -274.33532570   -274.16892347   -274.16514000   -274.14854975   -273.98272963     
      3.69   -274.33582808   -274.16931520   -274.16557665   -274.14906157   -273.98415320     
      3.70   -274.33631755   -274.16969659   -274.16600289   -274.14956146   -273.98556552     
      3.71   -274.33679445   -274.17006781   -274.16641901   -274.15004993   -273.98696667     
      3.72   -274.33725906   -274.17042925   -274.16682524   -274.15052724   -273.98835686     
      3.73   -274.33771162   -274.17078089   -274.16722174   -274.15099356   -273.98973615     
      3.74   -274.33815183   -274.17112277   -274.16760743   -274.15144833   -273.99110483     
      3.75   -274.33858115   -274.17145576   -274.16798522   -274.15189362   -273.99246272     
      3.76   -274.33899920   -274.17177967   -274.16835384   -274.15232868   -273.99381005     
      3.77   -274.33940626   -274.17209484   -274.16871367   -274.15275391   -273.99514702     
      3.78   -274.33980259   -274.17240141   -274.16906482   -274.15316961   -273.99647367     
      3.79   -274.34018840   -274.17269956   -274.16940749   -274.15357581   -273.99779015     
      3.80   -274.34056396   -274.17298949   -274.16974188   -274.15397291   -273.99909657     
      3.81   -274.34092947   -274.17327141   -274.17006815   -274.15436107   -274.00039301     
      3.82   -274.34128516   -274.17354553   -274.17038654   -274.15474057   -274.00167956     
      3.83   -274.34163096   -274.17381138   -274.17069544   -274.15510970   -274.00294806     
      3.84   -274.34196787   -274.17407042   -274.17099953   -274.15547296   -274.00421473     
      3.85   -274.34229538   -274.17432205   -274.17129507   -274.15582754   -274.00547232     
      3.86   -274.34261400   -274.17456673   -274.17158355   -274.15617460   -274.00671928     
      3.87   -274.34292381   -274.17480424   -274.17186475   -274.15651381   -274.00795809     
      3.88   -274.34322504   -274.17503489   -274.17213898   -274.15684561   -274.00918757     
      3.89   -274.34351789   -274.17525897   -274.17240649   -274.15717014   -274.01040793     
      3.90   -274.34380254   -274.17547659   -274.17266735   -274.15748756   -274.01161921     
      3.91   -274.34407918   -274.17568782   -274.17292170   -274.15779810   -274.01282148     
      3.92   -274.34434797   -274.17589285   -274.17316973   -274.15810195   -274.01401483     
      3.93   -274.34460912   -274.17609185   -274.17341154   -274.15839925   -274.01519936     
      3.94   -274.34486278   -274.17628493   -274.17364728   -274.15869019   -274.01637513     
      3.95   -274.34510912   -274.17647227   -274.17387708   -274.15897489   -274.01754225     
      3.96   -274.34534828   -274.17665395   -274.17410105   -274.15925349   -274.01870072     
      3.97   -274.34558044   -274.17682997   -274.17431920   -274.15952621   -274.01985064     
      3.98   -274.34580576   -274.17700079   -274.17453194   -274.15979317   -274.02099214     
      3.99   -274.34602438   -274.17716629   -274.17473929   -274.16005452   -274.02212519     
      4.00   -274.34623648   -274.17732675   -274.17494128   -274.16031044   -274.02324992     
      4.01   -274.34644216   -274.17748221   -274.17513807   -274.16056096   -274.02436642     
      4.02   -274.34664158   -274.17763301   -274.17532987   -274.16080634   -274.02547473     
      4.03   -274.34683488   -274.17777874   -274.17551653   -274.16104661   -274.02657488     
      4.04   -274.34702221   -274.17791991   -274.17569841   -274.16128197   -274.02766695     
      4.05   -274.34720369   -274.17805655   -274.17587553   -274.16151253   -274.02875101     
      4.06   -274.34737944   -274.17818871   -274.17604797   -274.16173834   -274.02982703     
      4.07   -274.34754962   -274.17831660   -274.17621589   -274.16195965   -274.03089522     
      4.08   -274.34771432   -274.17844026   -274.17637935   -274.16217649   -274.03195553     
      4.09   -274.34787368   -274.17855980   -274.17653847   -274.16238897   -274.03300802     
      4.10   -274.34802782   -274.17867533   -274.17669334   -274.16259725   -274.03405279     
      4.11   -274.34817687   -274.17878696   -274.17684409   -274.16280119   -274.03509030     
      4.12   -274.34832090   -274.17889474   -274.17699072   -274.16300130   -274.03611965     
      4.13   -274.34846004   -274.17899876   -274.17713337   -274.16319749   -274.03714139     
      4.14   -274.34859393   -274.17909787   -274.17727176   -274.16338905   -274.03815472     
      4.15   -274.34872366   -274.17919474   -274.17740673   -274.16357770   -274.03916143     
      4.16   -274.34884879   -274.17928795   -274.17753791   -274.16376264   -274.04016062     
      4.17   -274.34896945   -274.17937791   -274.17766546   -274.16394400   -274.04115239     
      4.18   -274.34908579   -274.17946462   -274.17778952   -274.16412199   -274.04213680     
      4.19   -274.34919785   -274.17954812   -274.17791009   -274.16429657   -274.04311384     
      4.20   -274.34930574   -274.17962849   -274.17802726   -274.16446785   -274.04408359     
      4.21   -274.34940956   -274.17970579   -274.17814109   -274.16463591   -274.04504608     
      4.22   -274.34950939   -274.17978012   -274.17825169   -274.16480083   -274.04600130     
      4.23   -274.34960534   -274.17985155   -274.17835911   -274.16496269   -274.04694936     
      4.24   -274.34969748   -274.17992016   -274.17846342   -274.16512159   -274.04789027     
      4.25   -274.34978591   -274.17998596   -274.17856467   -274.16527755   -274.04882406     
      4.26   -274.34987070   -274.18004911   -274.17866299   -274.16543067   -274.04975077     
      4.27   -274.34995194   -274.18010963   -274.17875834   -274.16558102   -274.05067044     
      4.28   -274.35002971   -274.18016759   -274.17885091   -274.16572866   -274.05158310     
      4.29   -274.35010407   -274.18022304   -274.17894067   -274.16587357   -274.05248879     
      4.30   -274.35017513   -274.18027607   -274.17902774   -274.16601596   -274.05338755     
      4.31   -274.35024283   -274.18032484   -274.17911095   -274.16615530   -274.05427776     
      4.32   -274.35030748   -274.18037324   -274.17919285   -274.16629267   -274.05516270     
      4.33   -274.35036905   -274.18041935   -274.17927211   -274.16642767   -274.05604087     
      4.34   -274.35042760   -274.18046331   -274.17934895   -274.16656033   -274.05691220     
      4.35   -274.35048319   -274.18050512   -274.17942338   -274.16669068   -274.05777676     
      4.36   -274.35053591   -274.18054489   -274.17949548   -274.16681879   -274.05863456     
      4.37   -274.35058580   -274.18058261   -274.17956520   -274.16694465   -274.05948568     
      4.38   -274.35063295   -274.18061839   -274.17963267   -274.16706847   -274.06033011     
      4.39   -274.35067740   -274.18065227   -274.17969797   -274.16719014   -274.06116790     
      4.40   -274.35071924   -274.18068430   -274.17976112   -274.16730977   -274.06199907     
      4.41   -274.35075851   -274.18071452   -274.17982216   -274.16742738   -274.06282367     
      4.42   -274.35079527   -274.18074298   -274.17988115   -274.16754305   -274.06364170     
      4.43   -274.35082958   -274.18076972   -274.17993816   -274.16765677   -274.06445318     
      4.44   -274.35086151   -274.18079475   -274.17999317   -274.16776864   -274.06525820     
      4.45   -274.35089111   -274.18081823   -274.18004627   -274.16787869   -274.06605677     
      4.46   -274.35091843   -274.18084013   -274.18009750   -274.16798694   -274.06684888     
      4.47   -274.35094353   -274.18086051   -274.18014690   -274.16809344   -274.06763459     
      4.48   -274.35096646   -274.18087941   -274.18019451   -274.16819822   -274.06841393     
      4.49   -274.35098728   -274.18089685   -274.18024038   -274.16830131   -274.06918693     
      4.50   -274.35100602   -274.18091291   -274.18028455   -274.16840277   -274.06995359     
      4.51   -274.35102275   -274.18092737   -274.18032691   -274.16850260   -274.07071397     
      4.52   -274.35103751   -274.18094068   -274.18036774   -274.16860087   -274.07146810     
      4.53   -274.35105035   -274.18095281   -274.18040705   -274.16869760   -274.07221600     
      4.54   -274.35106132   -274.18096365   -274.18044479   -274.16879282   -274.07295769     
      4.55   -274.35107046   -274.18097329   -274.18048102   -274.16888657   -274.07369322     
      4.56   -274.35107781   -274.18098172   -274.18051574   -274.16897886   -274.07442259     
      4.57   -274.35108343   -274.18098910   -274.18054911   -274.16906976   -274.07514586     
      4.58   -274.35108734   -274.18099529   -274.18058098   -274.16915924   -274.07586303     
      4.59   -274.35108960   -274.18100044   -274.18061151   -274.16924736   -274.07657416     
      4.60   -274.35109025   -274.18100456   -274.18064071   -274.16933416   -274.07727927     
      4.61   -274.35108932   -274.18100767   -274.18066859   -274.16941963   -274.07797836     
      4.62   -274.35108685   -274.18100980   -274.18069519   -274.16950383   -274.07867148     
      4.63   -274.35108309   -274.18101117   -274.18072055   -274.16958685   -274.07935905     
      4.64   -274.35107768   -274.18101146   -274.18074470   -274.16966856   -274.08004033     
      4.65   -274.35107083   -274.18101087   -274.18076766   -274.16974906   -274.08071571     
      4.66   -274.35106260   -274.18100943   -274.18078947   -274.16982834   -274.08138523     
      4.67   -274.35105303   -274.18100715   -274.18081014   -274.16990650   -274.08204889     
      4.68   -274.35104213   -274.18100398   -274.18082961   -274.16998347   -274.08270677     
      4.69   -274.35102996   -274.18100011   -274.18084807   -274.17005938   -274.08335891     
      4.70   -274.35101653   -274.18099551   -274.18086551   -274.17013416   -274.08400532     
      4.71   -274.35100189   -274.18099019   -274.18088193   -274.17020788   -274.08464599     
      4.72   -274.35098607   -274.18098416   -274.18089734   -274.17028053   -274.08528098     
      4.73   -274.35096909   -274.18097747   -274.18091178   -274.17035214   -274.08591035     
      4.74   -274.35095041   -274.18096951   -274.18092479   -274.17042209   -274.08653201     
      4.75   -274.35093122   -274.18096154   -274.18093739   -274.17049169   -274.08715014     
      4.76   -274.35091097   -274.18095297   -274.18094903   -274.17056032   -274.08776272     
      4.77   -274.35088968   -274.18095980   -274.18094380   -274.17062797   -274.08836974     
      4.78   -274.35086739   -274.18096973   -274.18093407   -274.17069467   -274.08897125     
      4.79   -274.35084411   -274.18097879   -274.18092379   -274.17076044   -274.08956729     
      4.80   -274.35081987   -274.18098703   -274.18091297   -274.17082527   -274.09015785     
      4.81   -274.35079471   -274.18099447   -274.18090166   -274.17088923   -274.09074299     
      4.82   -274.35076866   -274.18100116   -274.18088988   -274.17095228   -274.09132275     
      4.83   -274.35074172   -274.18100710   -274.18087765   -274.17101450   -274.09189717     
      4.84   -274.35071393   -274.18101229   -274.18086495   -274.17107585   -274.09246622     
      4.85   -274.35068531   -274.18101675   -274.18085182   -274.17113635   -274.09302996     
      4.86   -274.35065588   -274.18102050   -274.18083825   -274.17119597   -274.09358842     
      4.87   -274.35062568   -274.18102358   -274.18082432   -274.17125484   -274.09414164     
      4.88   -274.35059472   -274.18102602   -274.18081003   -274.17131296   -274.09468968     
      4.89   -274.35056302   -274.18102776   -274.18079533   -274.17137025   -274.09523247     
      4.90   -274.35053060   -274.18102890   -274.18078031   -274.17142676   -274.09577010     
      4.91   -274.35049749   -274.18102937   -274.18076492   -274.17148250   -274.09630262     
      4.92   -274.35046370   -274.18102928   -274.18074925   -274.17153751   -274.09683003     
      4.93   -274.35042926   -274.18102860   -274.18073326   -274.17159177   -274.09735237     
      4.94   -274.35039417   -274.18102734   -274.18071697   -274.17164532   -274.09786968     
      4.95   -274.35035849   -274.18102546   -274.18070030   -274.17169809   -274.09838197     
      4.96   -274.35032220   -274.18102311   -274.18068347   -274.17175023   -274.09888926     
      4.97   -274.35028532   -274.18102025   -274.18066640   -274.17180167   -274.09939158     
      4.98   -274.35024739   -274.18101520   -274.18064709   -274.17185071   -274.09988600     
      4.99   -274.35020942   -274.18101133   -274.18062955   -274.17190083   -274.10037850     
      5.00   -274.35017090   -274.18100661   -274.18061141   -274.17194946   -274.10086467     
      5.01   -274.35013189   -274.18100175   -274.18059342   -274.17199826   -274.10134743     
      5.02   -274.35009238   -274.18099645   -274.18057527   -274.17204641   -274.10182539     
      5.03   -274.35005242   -274.18099071   -274.18055693   -274.17209397   -274.10229859     
      5.04   -274.35001199   -274.18098453   -274.18053842   -274.17214090   -274.10276703     
      5.05   -274.34997111   -274.18097793   -274.18051976   -274.17218723   -274.10323074     
      5.06   -274.34992978   -274.18097094   -274.18050099   -274.17223296   -274.10368976     
      5.07   -274.34988807   -274.18096350   -274.18048201   -274.17227809   -274.10414413     
      5.08   -274.34984594   -274.18095569   -274.18046292   -274.17232264   -274.10459384     
      5.09   -274.34980344   -274.18094754   -274.18044373   -274.17236660   -274.10503896     
      5.10   -274.34976033   -274.18093890   -274.18042436   -274.17240990   -274.10547821     
      5.11   -274.34971708   -274.18092999   -274.18040492   -274.17245275   -274.10591417     
      5.12   -274.34967345   -274.18092067   -274.18038535   -274.17249503   -274.10634558     
      5.13   -274.34962954   -274.18091116   -274.18036580   -274.17253684   -274.10677253     
      5.14   -274.34958529   -274.18090126   -274.18034611   -274.17257809   -274.10719504     
      5.15   -274.34954072   -274.18089098   -274.18032630   -274.17261878   -274.10761310     
      5.16   -274.34949586   -274.18088017   -274.18030619   -274.17265885   -274.10802673     
      5.17   -274.34945071   -274.18086929   -274.18028625   -274.17269850   -274.10843599     
      5.18   -274.34940526   -274.18085812   -274.18026620   -274.17273759   -274.10884089     
      5.19   -274.34935955   -274.18084662   -274.18024612   -274.17277618   -274.10924142     
      5.20   -274.34931361   -274.18083484   -274.18022599   -274.17281431   -274.10963771     
      5.21   -274.34926746   -274.18082281   -274.18020584   -274.17285199   -274.11002977     
      5.22   -274.34922101   -274.18081048   -274.18018556   -274.17288902   -274.11041750     
      5.23   -274.34916893   -274.18079380   -274.18016179   -274.17291838   -274.11078733     
      5.24   -274.34912142   -274.18078237   -274.18014151   -274.17295388   -274.11116715     
      5.25   -274.34907437   -274.18076956   -274.18012160   -274.17298992   -274.11154289     
      5.26   -274.34902716   -274.18075652   -274.18010172   -274.17302547   -274.11191454     
      5.27   -274.34898460   -274.18074462   -274.18008204   -274.17306682   -274.11228363     
      5.28   -274.34893705   -274.18073119   -274.18006215   -274.17310147   -274.11264711     
      5.29   -274.34888925   -274.18071743   -274.18004216   -274.17313561   -274.11300642     
      5.30   -274.34884133   -274.18070347   -274.18002216   -274.17316926   -274.11336175     
      5.31   -274.34879326   -274.18068929   -274.18000216   -274.17320250   -274.11371309     
      5.32   -274.34874497   -274.18067492   -274.17998224   -274.17323522   -274.11406042     
      5.33   -274.34869661   -274.18066021   -274.17996216   -274.17326756   -274.11440382     
      5.34   -274.34864812   -274.18064542   -274.17994204   -274.17329948   -274.11474329     
      5.35   -274.34859991   -274.18062970   -274.17992038   -274.17332972   -274.11508177     
      5.36   -274.34855121   -274.18061477   -274.17990065   -274.17336096   -274.11541343     
      5.37   -274.34850179   -274.18060029   -274.17988235   -274.17339125   -274.11572704     
      5.38   -274.34845377   -274.18058205   -274.17985947   -274.17341830   -274.11606420     
      5.39   -274.34840478   -274.18056653   -274.17983966   -274.17344830   -274.11638487     
      5.40   -274.34835570   -274.18055086   -274.17981987   -274.17347790   -274.11670181     
      5.41   -274.34830655   -274.18053506   -274.17980015   -274.17350715   -274.11701510     
      5.42   -274.34825734   -274.18051913   -274.17978048   -274.17353602   -274.11732472     
      5.43   -274.34820806   -274.18050307   -274.17976087   -274.17356452   -274.11763072     
      5.44   -274.34815873   -274.18048696   -274.17974135   -274.17359268   -274.11793313     
      5.45   -274.34810940   -274.18047066   -274.17972191   -274.17362078   -274.11823110     
      5.46   -274.34805995   -274.18045417   -274.17970257   -274.17364847   -274.11852549     
      5.47   -274.34801048   -274.18043766   -274.17968322   -274.17367555   -274.11881727     
      5.48   -274.34796097   -274.18042104   -274.17966394   -274.17370227   -274.11910556     
      5.49   -274.34791008   -274.18040535   -274.17964528   -274.17373008   -274.11938006     
      5.50   -274.34786053   -274.18038848   -274.17962611   -274.17375607   -274.11966175     
      5.51   -274.34781095   -274.18037154   -274.17960704   -274.17378171   -274.11993999     
      5.52   -274.34776137   -274.18035452   -274.17958805   -274.17380705   -274.12021494     
      5.53   -274.34771179   -274.18033746   -274.17956915   -274.17383206   -274.12048650     
      5.54   -274.34766220   -274.18032028   -274.17955027   -274.17385674   -274.12075474     
      5.55   -274.34761235   -274.18030276   -274.17953144   -274.17388082   -274.12101088     
      5.56   -274.34756277   -274.18028544   -274.17951272   -274.17390483   -274.12127272     
      5.57   -274.34751428   -274.18026620   -274.17949189   -274.17392621   -274.12153748     
      5.58   -274.34746475   -274.18024880   -274.17947341   -274.17394967   -274.12179246     
      5.59   -274.34741525   -274.18023134   -274.17945502   -274.17397285   -274.12204424     
      5.60   -274.34736576   -274.18021367   -274.17943658   -274.17399560   -274.12229289     
      5.61   -274.34731630   -274.18019605   -274.17941830   -274.17401813   -274.12253835     
      5.62   -274.34726675   -274.18017800   -274.17940083   -274.17404182   -274.12278478     
      5.63   -274.34721715   -274.18015928   -274.17938193   -274.17406207   -274.12302106     
      5.64   -274.34716802   -274.18014263   -274.17936488   -274.17408554   -274.12326058     
      5.65   -274.34711841   -274.18012353   -274.17934583   -274.17410443   -274.12349320     
      5.66   -274.34706930   -274.18010677   -274.17932854   -274.17412687   -274.12372060     
      5.67   -274.34702010   -274.18008896   -274.17931095   -274.17414774   -274.12394801     
      5.68   -274.34697120   -274.18007048   -274.17929297   -274.17416732   -274.12416833     
      5.69   -274.34692212   -274.18005258   -274.17927558   -274.17418761   -274.12438968     
      5.70   -274.34687312   -274.18003470   -274.17925827   -274.17420767   -274.12460813     
      5.71   -274.34682417   -274.18001677   -274.17924101   -274.17422744   -274.12482368     
      5.72   -274.34677529   -274.17999886   -274.17922391   -274.17424696   -274.12503641     
      5.73   -274.34672648   -274.17998092   -274.17920692   -274.17426622   -274.12524639     
      5.74   -274.34667775   -274.17996301   -274.17919003   -274.17428523   -274.12545351     
      5.75   -274.34662909   -274.17994504   -274.17917324   -274.17430395   -274.12565786     
      5.76   -274.34658073   -274.17992862   -274.17915830   -274.17432445   -274.12586609     
      5.77   -274.34653231   -274.17991064   -274.17914164   -274.17434266   -274.12606604     
      5.78   -274.34648390   -274.17989264   -274.17912514   -274.17436059   -274.12626234     
      5.79   -274.34643557   -274.17987463   -274.17910873   -274.17437827   -274.12645597     
      5.80   -274.34638733   -274.17985661   -274.17909235   -274.17439569   -274.12664699     
      5.81   -274.34633895   -274.17983753   -274.17907463   -274.17441167   -274.12682639     
      5.82   -274.34629091   -274.17981951   -274.17905850   -274.17442861   -274.12701201     
      5.83   -274.34624296   -274.17980153   -274.17904252   -274.17444534   -274.12719508     
      5.84   -274.34619519   -274.17978314   -274.17902642   -274.17446107   -274.12737748     
      5.85   -274.34614737   -274.17976532   -274.17901101   -274.17447736   -274.12755488     
      5.86   -274.34609974   -274.17974738   -274.17899535   -274.17449337   -274.12773043     
      5.87   -274.34605222   -274.17972944   -274.17897979   -274.17450914   -274.12790351     
      5.88   -274.34600480   -274.17971136   -274.17896399   -274.17452463   -274.12807415     
      5.89   -274.34595750   -274.17969364   -274.17894893   -274.17454003   -274.12824238     
      5.90   -274.34591031   -274.17967577   -274.17893371   -274.17455514   -274.12840822     
      5.91   -274.34586324   -274.17965792   -274.17891858   -274.17457002   -274.12857162     
      5.92   -274.34581629   -274.17964010   -274.17890355   -274.17458469   -274.12873266     
      5.93   -274.34576946   -274.17962230   -274.17888860   -274.17459913   -274.12889133     
      5.94   -274.34572279   -274.17960453   -274.17887374   -274.17461337   -274.12904814     
      5.95   -274.34567621   -274.17958678   -274.17885903   -274.17462739   -274.12920221     
      5.96   -274.34562975   -274.17956907   -274.17884442   -274.17464122   -274.12935403     
      5.97   -274.34558255   -274.17955025   -274.17882858   -274.17465284   -274.12949482     
      5.98   -274.34553634   -274.17953260   -274.17881417   -274.17466623   -274.12964192     
      5.99   -274.34549027   -274.17951498   -274.17879987   -274.17467943   -274.12978685     
      6.00   -274.34544432   -274.17949741   -274.17878568   -274.17469243   -274.12992960     
      6.01   -274.34539851   -274.17947987   -274.17877159   -274.17470522   -274.13007019     
      6.02   -274.34535284   -274.17946237   -274.17875761   -274.17471782   -274.13020863     
      6.03   -274.34530730   -274.17944492   -274.17874372   -274.17473024   -274.13034496     
      6.04   -274.34526190   -274.17942747   -274.17872988   -274.17474243   -274.13047912     
      6.05   -274.34521663   -274.17941009   -274.17871620   -274.17475444   -274.13061128     
      6.06   -274.34517151   -274.17939276   -274.17870262   -274.17476626   -274.13074137     
      6.07   -274.34512652   -274.17937547   -274.17868914   -274.17477789   -274.13086943     
      6.08   -274.34508168   -274.17935822   -274.17867576   -274.17478930   -274.13099548     
      6.09   -274.34503698   -274.17934103   -274.17866249   -274.17480056   -274.13111953     
      6.10   -274.34499242   -274.17932389   -274.17864931   -274.17481163   -274.13124162     
      6.11   -274.34494801   -274.17930679   -274.17863623   -274.17482252   -274.13136174     
      6.12   -274.34490375   -274.17928975   -274.17862325   -274.17483323   -274.13147993     
      6.13   -274.34485963   -274.17927276   -274.17861037   -274.17484376   -274.13159621     
      6.14   -274.34481565   -274.17925582   -274.17859759   -274.17485411   -274.13171059     
      6.15   -274.34477242   -274.17923916   -274.17858492   -274.17486532   -274.13181952     
      6.16   -274.34472809   -274.17922128   -274.17857181   -274.17487474   -274.13191421     
      6.17   -274.34468457   -274.17920452   -274.17855933   -274.17488456   -274.13202307     
      6.18   -274.34464125   -274.17918785   -274.17854680   -274.17489381   -274.13212983     
      6.19   -274.34459872   -274.17917201   -274.17853481   -274.17490403   -274.13226448     
      6.20   -274.34455554   -274.17915522   -274.17852210   -274.17491324   -274.13236709     
      6.21   -274.34451195   -274.17913776   -274.17850953   -274.17492157   -274.13244611     
      6.22   -274.34446918   -274.17912129   -274.17849753   -274.17493058   -274.13254616     
      6.23   -274.34442635   -274.17910486   -274.17848556   -274.17493936   -274.13264260     
      6.24   -274.34438389   -274.17908848   -274.17847368   -274.17494803   -274.13273918     
      6.25   -274.34434160   -274.17907263   -274.17846229   -274.17495668   -274.13283179     
      6.26   -274.34429947   -274.17905641   -274.17845067   -274.17496503   -274.13292501     
      6.27   -274.34425749   -274.17904025   -274.17843914   -274.17497324   -274.13301656     
      6.28   -274.34421576   -274.17902407   -274.17842808   -274.17498140   -274.13310231     
      6.29   -274.34417409   -274.17900788   -274.17841664   -274.17498923   -274.13319054     
      6.30   -274.34413258   -274.17899192   -274.17840539   -274.17499698   -274.13327719     
      6.31   -274.34409123   -274.17897603   -274.17839423   -274.17500459   -274.13336227     
      6.32   -274.34405004   -274.17896029   -274.17838325   -274.17501210   -274.13344580     
      6.33   -274.34400896   -274.17894461   -274.17837210   -274.17501929   -274.13352956     
      6.34   -274.34396809   -274.17892893   -274.17836121   -274.17502646   -274.13361001     
      6.35   -274.34392737   -274.17891305   -274.17835005   -274.17503333   -274.13368899     
      6.36   -274.34388682   -274.17889760   -274.17833951   -274.17504027   -274.13376642     
      6.37   -274.34384535   -274.17887851   -274.17832839   -274.17503863   -274.13383950     
      6.38   -274.34380511   -274.17886300   -274.17831765   -274.17504511   -274.13391403     
      6.39   -274.34376504   -274.17884767   -274.17830721   -274.17505154   -274.13398711     
      6.40   -274.34372513   -274.17883241   -274.17829685   -274.17505782   -274.13405876     
      6.41   -274.34368539   -274.17881722   -274.17828658   -274.17506397   -274.13412900     
      6.42   -274.34364581   -274.17880233   -274.17827677   -274.17507013   -274.13419785     
      6.43   -274.34360639   -274.17878729   -274.17826667   -274.17507601   -274.13426530     
      6.44   -274.34356713   -274.17877233   -274.17825665   -274.17508177   -274.13433139     
      6.45   -274.34352796   -274.17875746   -274.17824679   -274.17508734   -274.13439694     
      6.46   -274.34348902   -274.17874264   -274.17823694   -274.17509283   -274.13446035     
      6.47   -274.34345025   -274.17872791   -274.17822718   -274.17509821   -274.13452243     
      6.48   -274.34341163   -274.17871302   -274.17821714   -274.17510333   -274.13458320     
      6.49   -274.34337318   -274.17869845   -274.17820755   -274.17510846   -274.13464267     
      6.50   -274.34333490   -274.17868390   -274.17819795   -274.17511345   -274.13470087     
      6.51   -274.34329678   -274.17866970   -274.17818889   -274.17511845   -274.13475782     
      6.52   -274.34325881   -274.17865535   -274.17817953   -274.17512320   -274.13481353     
      6.53   -274.34322061   -274.17864016   -274.17816955   -274.17512703   -274.13487053     
      6.54   -274.34318274   -274.17862463   -274.17815937   -274.17513059   -274.13491666     
      6.55   -274.34314528   -274.17861076   -274.17815066   -274.17513514   -274.13496868     
      6.56   -274.34310795   -274.17859674   -274.17814163   -274.17513942   -274.13501952     
      6.57   -274.34307106   -274.17858305   -274.17813279   -274.17514396   -274.13506624     
      6.58   -274.34303408   -274.17856918   -274.17812391   -274.17514803   -274.13511472     
      6.59   -274.34299725   -274.17855540   -274.17811511   -274.17515198   -274.13516205     
      6.60   -274.34296058   -274.17854170   -274.17810638   -274.17515583   -274.13520825     
      6.61   -274.34292408   -274.17852807   -274.17809773   -274.17515956   -274.13525333     
      6.62   -274.34288773   -274.17851453   -274.17808916   -274.17516317   -274.13529731     
      6.63   -274.34285155   -274.17850081   -274.17808026   -274.17516659   -274.13534019     
      6.64   -274.34281552   -274.17848743   -274.17807183   -274.17516999   -274.13538200     
      6.65   -274.34277966   -274.17847413   -274.17806348   -274.17517329   -274.13542274     
      6.66   -274.34274370   -274.17846067   -274.17805508   -274.17517615   -274.13546548     
      6.67   -274.34270816   -274.17844754   -274.17804688   -274.17517925   -274.13550414     
      6.68   -274.34267278   -274.17843449   -274.17803874   -274.17518225   -274.13554179     
      6.69   -274.34263756   -274.17842151   -274.17803068   -274.17518511   -274.13557836     
      6.70   -274.34260250   -274.17840865   -274.17802270   -274.17518793   -274.13561405     
      6.71   -274.34256755   -274.17839569   -274.17801468   -274.17519050   -274.13564814     
      6.72   -274.34253280   -274.17838297   -274.17800683   -274.17519309   -274.13568181     
      6.73   -274.34249822   -274.17837035   -274.17799905   -274.17519560   -274.13571451     
      6.74   -274.34246378   -274.17835783   -274.17799137   -274.17519800   -274.13574627     
      6.75   -274.34242950   -274.17834538   -274.17798382   -274.17520027   -274.13577707     
      6.76   -274.34239540   -274.17833298   -274.17797620   -274.17520248   -274.13580698     
      6.77   -274.34236146   -274.17832067   -274.17796869   -274.17520463   -274.13583592     
      6.78   -274.34232763   -274.17830847   -274.17796128   -274.17520664   -274.13586397     
      6.79   -274.34229399   -274.17829633   -274.17795388   -274.17520857   -274.13589115     
      6.80   -274.34226050   -274.17828429   -274.17794647   -274.17521036   -274.13591771     
      6.81   -274.34222718   -274.17827232   -274.17793922   -274.17521214   -274.13594321     
      6.82   -274.34219400   -274.17826044   -274.17793205   -274.17521380   -274.13596777     
      6.83   -274.34216098   -274.17824864   -274.17792495   -274.17521536   -274.13599142     
      6.84   -274.34212809   -274.17823698   -274.17791800   -274.17521686   -274.13601431     
      6.85   -274.34209538   -274.17822533   -274.17791096   -274.17521828   -274.13603641     
      6.86   -274.34206282   -274.17821379   -274.17790403   -274.17521954   -274.13605770     
      6.87   -274.34203017   -274.17820208   -274.17789686   -274.17522064   -274.13605838     
      6.88   -274.34199793   -274.17819070   -274.17789005   -274.17522180   -274.13607799     
      6.89   -274.34196582   -274.17817943   -274.17788334   -274.17522287   -274.13609684     
      6.90   -274.34193388   -274.17816819   -274.17787665   -274.17522386   -274.13611490     
      6.91   -274.34190208   -274.17815717   -274.17787014   -274.17522478   -274.13613226     
      6.92   -274.34187043   -274.17814614   -274.17786358   -274.17522559   -274.13614882     
      6.93   -274.34183893   -274.17813519   -274.17785708   -274.17522635   -274.13616463     
      6.94   -274.34180758   -274.17812422   -274.17785053   -274.17522700   -274.13617969     
      6.95   -274.34177638   -274.17811348   -274.17784419   -274.17522760   -274.13619405     
      6.96   -274.34174532   -274.17810279   -274.17783787   -274.17522811   -274.13620772     
      6.97   -274.34171441   -274.17809217   -274.17783160   -274.17522855   -274.13622068     
      6.98   -274.34168363   -274.17808170   -274.17782545   -274.17522898   -274.13623313     
      6.99   -274.34165302   -274.17807126   -274.17781930   -274.17522927   -274.13624473     
      7.00   -274.34162249   -274.17806148   -274.17781337   -274.17522972   -274.13628629     
      7.01   -274.34159217   -274.17805120   -274.17780733   -274.17522987   -274.13629654     
      7.02   -274.34156199   -274.17804100   -274.17780135   -274.17522994   -274.13630614     
      7.03   -274.34153197   -274.17803089   -274.17779543   -274.17522995   -274.13631509     
      7.04   -274.34150209   -274.17802086   -274.17778955   -274.17522989   -274.13632343     
      7.05   -274.34147226   -274.17801093   -274.17778367   -274.17522989   -274.13632730     
      7.06   -274.34144266   -274.17800106   -274.17777790   -274.17522968   -274.13633442     
      7.07   -274.34141320   -274.17799125   -274.17777216   -274.17522942   -274.13634088     
      7.08   -274.34138390   -274.17798152   -274.17776651   -274.17522900   -274.13634778     
      7.09   -274.34135473   -274.17797190   -274.17776092   -274.17522859   -274.13635311     
      7.10   -274.34132570   -274.17796229   -274.17775530   -274.17522809   -274.13635785     
      7.11   -274.34129697   -274.17795254   -274.17774994   -274.17522726   -274.13633227     
      7.12   -274.34126821   -274.17794318   -274.17774447   -274.17522669   -274.13633598     
      7.13   -274.34123961   -274.17793389   -274.17773906   -274.17522605   -274.13633905     
      7.14   -274.34121114   -274.17792468   -274.17773371   -274.17522533   -274.13634157     
      7.15   -274.34118281   -274.17791558   -274.17772838   -274.17522457   -274.13634356     
      7.16   -274.34115462   -274.17790655   -274.17772313   -274.17522373   -274.13634501     
      7.17   -274.34112670   -274.17789768   -274.17771814   -274.17522299   -274.13636685     
      7.18   -274.34109878   -274.17788880   -274.17771298   -274.17522203   -274.13636730     
      7.19   -274.34107100   -274.17788001   -274.17770788   -274.17522101   -274.13636725     
      7.20   -274.34104321   -274.17787115   -274.17770262   -274.17521978   -274.13634607     
      7.21   -274.34101569   -274.17786251   -274.17769761   -274.17521865   -274.13634498     
      7.22   -274.34098831   -274.17785394   -274.17769265   -274.17521746   -274.13634340     
      7.23   -274.34096104   -274.17784539   -274.17768766   -274.17521621   -274.13634132     
      7.24   -274.34093393   -274.17783699   -274.17768279   -274.17521491   -274.13633881     
      7.25   -274.34090695   -274.17782851   -274.17767780   -274.17521354   -274.13633785     
      7.26   -274.34088010   -274.17782027   -274.17767306   -274.17521215   -274.13633442     
      7.27   -274.34085339   -274.17781212   -274.17766830   -274.17521071   -274.13633059     
      7.28   -274.34082681   -274.17780404   -274.17766365   -274.17520920   -274.13632610     
      7.29   -274.34080035   -274.17779604   -274.17765902   -274.17520766   -274.13632149     
      7.30   -274.34077404   -274.17778818   -274.17765447   -274.17520607   -274.13631625     
      7.31   -274.34074787   -274.17778050   -274.17765008   -274.17520443   -274.13630859     
      7.32   -274.34072181   -274.17777277   -274.17764560   -274.17520275   -274.13630265     
      7.33   -274.34069587   -274.17776504   -274.17764111   -274.17520100   -274.13629632     
      7.34   -274.34067006   -274.17775742   -274.17763668   -274.17519921   -274.13628953     
      7.35   -274.34064438   -274.17774989   -274.17763231   -274.17519737   -274.13628236     
      7.36   -274.34061882   -274.17774244   -274.17762799   -274.17519550   -274.13627482     
      7.37   -274.34059340   -274.17773502   -274.17762367   -274.17519358   -274.13626688     
      7.38   -274.34056811   -274.17772774   -274.17761942   -274.17519161   -274.13625857     
      7.39   -274.34054293   -274.17772043   -274.17761491   -274.17518958   -274.13624988     
      7.40   -274.34051787   -274.17771321   -274.17761071   -274.17518751   -274.13624084     
      7.41   -274.34049296   -274.17770612   -274.17760660   -274.17518541   -274.13623146     
      7.42   -274.34046815   -274.17769910   -274.17760252   -274.17518329   -274.13622176     
      7.43   -274.34044347   -274.17769220   -274.17759874   -274.17518119   -274.13621171     
      7.44   -274.34041890   -274.17768533   -274.17759474   -274.17517898   -274.13620133     
      7.45   -274.34039446   -274.17767851   -274.17759073   -274.17517672   -274.13619074     
      7.46   -274.34037010   -274.17767176   -274.17758677   -274.17517480   -274.13618945     
      7.47   -274.34034590   -274.17766520   -274.17758295   -274.17517250   -274.13617786     
      7.48   -274.34032183   -274.17765862   -274.17757910   -274.17517015   -274.13616605     
      7.49   -274.34029771   -274.17765191   -274.17757452   -274.17516702   -274.13614414     
      7.50   -274.34027389   -274.17764549   -274.17757075   -274.17516461   -274.13613185     
      7.51   -274.34025018   -274.17763914   -274.17756702   -274.17516215   -274.13611927     
      7.52   -274.34022659   -274.17763283   -274.17756331   -274.17515968   -274.13610637     
      7.53   -274.34020311   -274.17762652   -274.17755964   -274.17515713   -274.13609325     
      7.54   -274.34017976   -274.17762032   -274.17755594   -274.17515458   -274.13607977     
      7.55   -274.34015650   -274.17761419   -274.17755249   -274.17515200   -274.13606615     
      7.56   -274.34013337   -274.17760818   -274.17754894   -274.17514939   -274.13605220     
      7.57   -274.34011039   -274.17760222   -274.17754544   -274.17514671   -274.13603790     
      7.58   -274.34008751   -274.17759626   -274.17754181   -274.17514402   -274.13602628     
      7.59   -274.34006287   -274.17758922   -274.17753808   -274.17513535   -274.13600720     
      7.60   -274.34004019   -274.17758347   -274.17753466   -274.17513261   -274.13599226     
      7.61   -274.34001762   -274.17757781   -274.17753128   -274.17512990   -274.13597707     
      7.62   -274.33999519   -274.17757208   -274.17752782   -274.17512710   -274.13596166     
      7.63   -274.33997287   -274.17756632   -274.17752426   -274.17512429   -274.13594598     
      7.64   -274.33995064   -274.17756087   -274.17752101   -274.17512144   -274.13593009     
      7.65   -274.33992853   -274.17755533   -274.17751760   -274.17511856   -274.13591404     
      7.66   -274.33990653   -274.17754998   -274.17751443   -274.17511569   -274.13589772     
      7.67   -274.33988412   -274.17754438   -274.17751105   -274.17511258   -274.13587672     
      7.68   -274.33986235   -274.17753924   -274.17750805   -274.17510974   -274.13585634     
      7.69   -274.33983038   -274.17752962   -274.17750384   -274.17509719   -274.13584689     
      7.70   -274.33980890   -274.17752469   -274.17749982   -274.17509428   -274.13583053     
      7.71   -274.33978754   -274.17751969   -274.17749680   -274.17509134   -274.13581329     
      7.72   -274.33976628   -274.17751480   -274.17749387   -274.17508840   -274.13579587     
      7.73   -274.33974513   -274.17750998   -274.17749098   -274.17508545   -274.13577826     
      7.74   -274.33972385   -274.17750605   -274.17748950   -274.17508225   -274.13575676     
      7.75   -274.33970291   -274.17750129   -274.17748658   -274.17507923   -274.13573868     
      7.76   -274.33968204   -274.17749659   -274.17748374   -274.17507608   -274.13572419     
      7.77   -274.33966130   -274.17749187   -274.17748074   -274.17507304   -274.13570595     
      7.78   -274.33964071   -274.17748727   -274.17747791   -274.17506997   -274.13568741     
      7.79   -274.33962020   -274.17748274   -274.17747512   -274.17506691   -274.13566880     
      7.80   -274.33959976   -274.17747819   -274.17747230   -274.17506383   -274.13564994     
      7.81   -274.33957946   -274.17747377   -274.17746956   -274.17506075   -274.13563102     
      7.82   -274.33955927   -274.17746941   -274.17746685   -274.17505765   -274.13561196     
      7.83   -274.33953917   -274.17746511   -274.17746422   -274.17505454   -274.13559287     
      7.84   -274.33951918   -274.17746156   -274.17746089   -274.17505143   -274.13557350     
      7.85   -274.33949930   -274.17745893   -274.17745670   -274.17504831   -274.13555402     
      7.86   -274.33947955   -274.17745633   -274.17745256   -274.17504518   -274.13553443     
      7.87   -274.33945990   -274.17745373   -274.17744848   -274.17504207   -274.13551468     
      7.88   -274.33944031   -274.17745120   -274.17744446   -274.17503894   -274.13549483     
      7.89   -274.33942083   -274.17744870   -274.17744048   -274.17503579   -274.13547482     
      7.90   -274.33940154   -274.17744583   -274.17743640   -274.17503277   -274.13545666     
      7.91   -274.33938226   -274.17744220   -274.17743110   -274.17502936   -274.13543633     
      7.92   -274.33936310   -274.17743970   -274.17742725   -274.17502621   -274.13541589     
      7.93   -274.33934394   -274.17743805   -274.17742376   -274.17502296   -274.13538680     
      7.94   -274.33932498   -274.17743570   -274.17742005   -274.17501979   -274.13536629     
      7.95   -274.33930598   -274.17743268   -274.17741594   -274.17501630   -274.13534534     
      7.96   -274.33928708   -274.17742970   -274.17741187   -274.17501281   -274.13532432     
      7.97   -274.33926841   -274.17742739   -274.17740830   -274.17500965   -274.13530348     
      7.98   -274.33925001   -274.17742462   -274.17740460   -274.17500703   -274.13528133     
      7.99   -274.33923152   -274.17742237   -274.17740111   -274.17500386   -274.13526034     
      8.00   -274.33921313   -274.17742015   -274.17739767   -274.17500069   -274.13523924     
      8.01   -274.33919472   -274.17741854   -274.17739483   -274.17499717   -274.13521824     
      8.02   -274.33917654   -274.17741622   -274.17739125   -274.17499397   -274.13519947     
      8.03   -274.33915845   -274.17741410   -274.17738797   -274.17499084   -274.13517808     
      8.04   -274.33914045   -274.17741194   -274.17738470   -274.17498768   -274.13515661     
      8.05   -274.33912256   -274.17740987   -274.17738152   -274.17498453   -274.13513507     
      8.06   -274.33910475   -274.17740783   -274.17737839   -274.17498139   -274.13511345     
      8.07   -274.33908703   -274.17740569   -274.17737523   -274.17497825   -274.13509146     
      8.08   -274.33906938   -274.17740366   -274.17737215   -274.17497513   -274.13506973     
      8.09   -274.33905181   -274.17740171   -274.17736931   -274.17497205   -274.13504582     
      8.10   -274.33903437   -274.17739978   -274.17736637   -274.17496895   -274.13502398     
      8.11   -274.33901687   -274.17739682   -274.17736245   -274.17496570   -274.13499620     
      8.12   -274.33899939   -274.17739451   -274.17735909   -274.17496226   -274.13497361     
      8.13   -274.33898226   -274.17739258   -274.17735623   -274.17495918   -274.13495159     
      8.14   -274.33896516   -274.17739071   -274.17735341   -274.17495611   -274.13492945     
      8.15   -274.33894792   -274.17738833   -274.17735029   -274.17495270   -274.13490685     
      8.16   -274.33893104   -274.17738648   -274.17734756   -274.17494966   -274.13488467     
      8.17   -274.33891425   -274.17738467   -274.17734489   -274.17494663   -274.13486243     
      8.18   -274.33889755   -274.17738289   -274.17734225   -274.17494362   -274.13484015     
      8.19   -274.33888094   -274.17738112   -274.17733965   -274.17494062   -274.13481782     
      8.20   -274.33886444   -274.17737939   -274.17733710   -274.17493764   -274.13479549     
      8.21   -274.33884801   -274.17737766   -274.17733458   -274.17493467   -274.13477303     
      8.22   -274.33883164   -274.17737595   -274.17733209   -274.17493171   -274.13475061     
      8.23   -274.33881539   -274.17737426   -274.17732965   -274.17492876   -274.13472814     
      8.24   -274.33879922   -274.17737259   -274.17732723   -274.17492584   -274.13470563     
      8.25   -274.33878314   -274.17737091   -274.17732485   -274.17492293   -274.13468311     
      8.26   -274.33876715   -274.17736928   -274.17732249   -274.17492003   -274.13466054     
      8.27   -274.33875124   -274.17736770   -274.17732020   -274.17491716   -274.13463794     
      8.28   -274.33873543   -274.17736611   -274.17731793   -274.17491430   -274.13461532     
      8.29   -274.33871969   -274.17736455   -274.17731571   -274.17491145   -274.13459268     
      8.30   -274.33871969   -274.17736455   -274.17731571   -274.17491145   -274.13459268     
      8.31   -274.33868844   -274.17736264   -274.17731253   -274.17490544   -274.13452446     
      8.32   -274.33867297   -274.17736113   -274.17731041   -274.17490266   -274.13450175     
      8.33   -274.33865759   -274.17735966   -274.17730834   -274.17489992   -274.13447900     
      8.34   -274.33864225   -274.17734406   -274.17728035   -274.17489567   -274.13445650     
      8.35   -274.33862706   -274.17734246   -274.17727815   -274.17489293   -274.13443462     
      8.36   -274.33861190   -274.17734084   -274.17727602   -274.17489016   -274.13441273     
      8.37   -274.33859677   -274.17731118   -274.17726130   -274.17488593   -274.13438991     
      8.38   -274.33858180   -274.17730950   -274.17725897   -274.17488333   -274.13436824     
      8.39   -274.33856687   -274.17730791   -274.17725683   -274.17488070   -274.13434547     
      8.40   -274.33855207   -274.17730629   -274.17725459   -274.17487816   -274.13432387     
      8.41   -274.33853734   -274.17730473   -274.17725252   -274.17487559   -274.13430113     
      8.42   -274.33852295   -274.17730301   -274.17725010   -274.17487356   -274.13429035     
      8.43   -274.33850837   -274.17730146   -274.17724807   -274.17487102   -274.13426742     
      8.44   -274.33849389   -274.17729995   -274.17724609   -274.17486852   -274.13424463     
      8.45   -274.33847930   -274.17729743   -274.17724291   -274.17486548   -274.13421925     
      8.46   -274.33846497   -274.17729597   -274.17724101   -274.17486306   -274.13419653     
      8.47   -274.33845074   -274.17729442   -274.17723903   -274.17486062   -274.13417361     
      8.48   -274.33843658   -274.17729297   -274.17723716   -274.17485823   -274.13415086     
      8.49   -274.33842251   -274.17729154   -274.17723533   -274.17485587   -274.13412817     
      8.50   -274.33840852   -274.17729019   -274.17723357   -274.17485355   -274.13410561     
      8.51   -274.33839457   -274.17728872   -274.17723172   -274.17485123   -274.13408265     
      8.52   -274.33838073   -274.17728730   -274.17722993   -274.17484894   -274.13405993     
      8.53   -274.33836696   -274.17728597   -274.17722823   -274.17484668   -274.13403720     
      8.54   -274.33835330   -274.17728458   -274.17722650   -274.17484446   -274.13401474     
      8.55   -274.33833968   -274.17728324   -274.17722482   -274.17484227   -274.13399209     
      8.56   -274.33832614   -274.17728171   -274.17722297   -274.17484009   -274.13396945     
      8.57   -274.33831099   -274.17728039   -274.17722124   -274.17483635   -274.13394651     
      8.58   -274.33829764   -274.17727910   -274.17721975   -274.17483419   -274.13392365     
      8.59   -274.33828438   -274.17727782   -274.17721817   -274.17483214   -274.13390127     
      8.60   -274.33827116   -274.17727654   -274.17721660   -274.17483008   -274.13387860     
      8.61   -274.33825802   -274.17727531   -274.17721509   -274.17482809   -274.13385603     
      8.62   -274.33824494   -274.17727403   -274.17721354   -274.17482613   -274.13383362     
      8.63   -274.33823197   -274.17727312   -274.17721242   -274.17482419   -274.13381211     
      8.64   -274.33821905   -274.17727185   -274.17721091   -274.17482228   -274.13378967     
      8.65   -274.33820620   -274.17727070   -274.17720950   -274.17482041   -274.13376732     
      8.66   -274.33819336   -274.17726805   -274.17720675   -274.17481786   -274.13373385     
      8.67   -274.33818068   -274.17726677   -274.17720527   -274.17481605   -274.13371146     
      8.68   -274.33816806   -274.17726561   -274.17720389   -274.17481428   -274.13368915     
      8.69   -274.33815551   -274.17726466   -274.17720272   -274.17481258   -274.13366700     
      8.70   -274.33814303   -274.17726353   -274.17720138   -274.17481083   -274.13364462     
      8.71   -274.33813045   -274.17726237   -274.17719998   -274.17480784   -274.13361684     
      8.72   -274.33811811   -274.17726239   -274.17719950   -274.17480688   -274.13360495     
      8.73   -274.33810585   -274.17726129   -274.17719822   -274.17480527   -274.13358283     
      8.74   -274.33809365   -274.17726000   -274.17719680   -274.17480368   -274.13356075     
      8.75   -274.33808154   -274.17725893   -274.17719556   -274.17480213   -274.13353856     
      8.76   -274.33806949   -274.17725786   -274.17719434   -274.17480062   -274.13351660     
      8.77   -274.33805747   -274.17725574   -274.17719229   -274.17479843   -274.13348399     
      8.78   -274.33804554   -274.17725470   -274.17719111   -274.17479698   -274.13346206     
      8.79   -274.33803372   -274.17725368   -274.17718996   -274.17479577   -274.13344088     
      8.80   -274.33802195   -274.17725267   -274.17718882   -274.17479440   -274.13341892     
      8.81   -274.33801024   -274.17725166   -274.17718770   -274.17479306   -274.13339720     
      8.82   -274.33799859   -274.17725067   -274.17718659   -274.17479175   -274.13337546     
      8.83   -274.33798684   -274.17724873   -274.17718455   -274.17479015   -274.13333235     
      8.84   -274.33797534   -274.17724775   -274.17718348   -274.17478891   -274.13331072     
      8.85   -274.33796389   -274.17724680   -274.17718244   -274.17478769   -274.13328909     
      8.86   -274.33795252   -274.17724585   -274.17718141   -274.17478653   -274.13326759     
      8.87   -274.33794120   -274.17724491   -274.17718039   -274.17478541   -274.13324609     
      8.88   -274.33792960   -274.17724439   -274.17717996   -274.17478535   -274.13325065     
      8.89   -274.33791843   -274.17724350   -274.17717902   -274.17478429   -274.13322906     
      8.90   -274.33790732   -274.17724259   -274.17717805   -274.17478327   -274.13320775     
      8.91   -274.33789628   -274.17724170   -274.17717709   -274.17478229   -274.13318632     
      8.92   -274.33788531   -274.17724080   -274.17717615   -274.17478137   -274.13316512     
      8.93   -274.33787445   -274.17723959   -274.17717548   -274.17477918   -274.13314462     
      8.94   -274.33786360   -274.17723859   -274.17717446   -274.17477831   -274.13312342     
      8.95   -274.33785280   -274.17723769   -274.17717355   -274.17477747   -274.13310225     
      8.96   -274.33784208   -274.17723677   -274.17717260   -274.17477667   -274.13308119     
      8.97   -274.33783122   -274.17723565   -274.17717078   -274.17477612   -274.13305740     
      8.98   -274.33782228   -274.17723626   -274.17717172   -274.17477887   -274.13302663     
      8.99   -274.33782228   -274.17723626   -274.17717172   -274.17477887   -274.13302663     
      9.00   -274.33780241   -274.17723373   -274.17716927   -274.17477809   -274.13299392     
      9.01   -274.33779197   -274.17723292   -274.17716845   -274.17477745   -274.13297294     
      9.02   -274.33778158   -274.17723213   -274.17716765   -274.17477685   -274.13295203     
      9.03   -274.33777126   -274.17723135   -274.17716687   -274.17477628   -274.13293118     
      9.04   -274.33776100   -274.17723059   -274.17716610   -274.17477576   -274.13291040     
      9.05   -274.33775079   -274.17722982   -274.17716534   -274.17477525   -274.13288963     
      9.06   -274.33774065   -274.17722907   -274.17716460   -274.17477478   -274.13286894     
      9.07   -274.33773040   -274.17722655   -274.17716286   -274.17477418   -274.13283808     
      9.08   -274.33772021   -274.17722585   -274.17716216   -274.17477362   -274.13281751     
      9.09   -274.33771025   -274.17722756   -274.17716330   -274.17477322   -274.13279726     
      9.10   -274.33770036   -274.17722686   -274.17716262   -274.17477292   -274.13277686     
      9.11   -274.33769050   -274.17722381   -274.17716018   -274.17477268   -274.13275624     
      9.12   -274.33768073   -274.17722313   -274.17715953   -274.17477244   -274.13273589     
      9.13   -274.33767100   -274.17722246   -274.17715888   -274.17477226   -274.13271561     
      9.14   -274.33766130   -274.17722180   -274.17715825   -274.17477209   -274.13269540     
      9.15   -274.33765139   -274.17722072   -274.17715718   -274.17477116   -274.13266189     
      9.16   -274.33764183   -274.17722007   -274.17715658   -274.17477106   -274.13264175     
      9.17   -274.33763230   -274.17721943   -274.17715600   -274.17477100   -274.13262169     
      9.18   -274.33762283   -274.17721878   -274.17715538   -274.17477098   -274.13260165     
      9.19   -274.33761347   -274.17721822   -274.17715482   -274.17477106   -274.13258161     
      9.20   -274.33760413   -274.17721761   -274.17715427   -274.17477110   -274.13256175     
      9.21   -274.33759484   -274.17721700   -274.17715372   -274.17477119   -274.13254192     
      9.22   -274.33758561   -274.17721640   -274.17715318   -274.17477130   -274.13252215     
      9.23   -274.33757643   -274.17721580   -274.17715265   -274.17477145   -274.13250246     
      9.24   -274.33756732   -274.17721521   -274.17715214   -274.17477163   -274.13248278     
      9.25   -274.33755824   -274.17721465   -274.17715165   -274.17477185   -274.13246321     
      9.26   -274.33754922   -274.17721406   -274.17715114   -274.17477210   -274.13244370     
      9.27   -274.33754025   -274.17721350   -274.17715065   -274.17477241   -274.13242425     
      9.28   -274.33753133   -274.17721294   -274.17715017   -274.17477273   -274.13240485     
      9.29   -274.33752246   -274.17721239   -274.17714971   -274.17477309   -274.13238552     
      9.30   -274.33751366   -274.17721184   -274.17714922   -274.17477350   -274.13237245     
      9.31   -274.33750489   -274.17721130   -274.17714878   -274.17477393   -274.13235327     
      9.32   -274.33749620   -274.17721091   -274.17714848   -274.17477427   -274.13235165     
      9.33   -274.33748754   -274.17721035   -274.17714799   -274.17477476   -274.13233263     
      9.34   -274.33747893   -274.17720983   -274.17714757   -274.17477530   -274.13231368     
      9.35   -274.33746532   -274.17720903   -274.17714681   -274.17477283   -274.13229352     
      9.36   -274.33745681   -274.17720852   -274.17714640   -274.17477342   -274.13227470     
      9.37   -274.33744835   -274.17720803   -274.17714601   -274.17477405   -274.13225593     
      9.38   -274.33743993   -274.17720754   -274.17714562   -274.17477467   -274.13223723     
      9.39   -274.33743157   -274.17720706   -274.17714524   -274.17477536   -274.13221856     
      9.40   -274.33742325   -274.17720658   -274.17714487   -274.17477608   -274.13219996     
      9.41   -274.33741499   -274.17720608   -274.17714451   -274.17477687   -274.13218140     
      9.42   -274.33740677   -274.17720565   -274.17714419   -274.17477762   -274.13216290     
      9.43   -274.33739859   -274.17720519   -274.17714384   -274.17477843   -274.13214445     
      9.44   -274.33739045   -274.17720474   -274.17714339   -274.17477936   -274.13210389     
      9.45   -274.33738236   -274.17720430   -274.17714306   -274.17478023   -274.13208550     
      9.46   -274.33737408   -274.17720387   -274.17714270   -274.17478087   -274.13206506     
      9.47   -274.33736609   -274.17720288   -274.17714186   -274.17478177   -274.13206340     
      9.48   -274.33735801   -274.17720165   -274.17714105   -274.17478257   -274.13206380     
      9.49   -274.33735013   -274.17720125   -274.17714078   -274.17478359   -274.13204586     
      9.50   -274.33734227   -274.17720083   -274.17714047   -274.17478463   -274.13202795     
      9.51   -274.33733446   -274.17720040   -274.17714017   -274.17478568   -274.13201007     
      9.52   -274.33732670   -274.17719998   -274.17713988   -274.17478679   -274.13199232     
      9.53   -274.33731898   -274.17719956   -274.17713959   -274.17478792   -274.13197462     
      9.54   -274.33731131   -274.17719915   -274.17713931   -274.17478908   -274.13195696     
      9.55   -274.33730367   -274.17719874   -274.17713903   -274.17479025   -274.13193934     
      9.56   -274.33729609   -274.17719834   -274.17713876   -274.17479147   -274.13192180     
      9.57   -274.33728854   -274.17719795   -274.17713850   -274.17479271   -274.13190432     
      9.58   -274.33728111   -274.17719929   -274.17713960   -274.17479425   -274.13189662     
      9.59   -274.33726699   -274.17719912   -274.17713948   -274.17478755   -274.13188124     
      9.60   -274.33725457   -274.17719848   -274.17713887   -274.17478570   -274.13186265     
      9.61   -274.33724722   -274.17719808   -274.17713862   -274.17478710   -274.13184524     
      9.62   -274.33723991   -274.17719769   -274.17713837   -274.17478853   -274.13182787     
      9.63   -274.33723263   -274.17719730   -274.17713813   -274.17478998   -274.13181063     
      9.64   -274.33722540   -274.17719692   -274.17713789   -274.17479146   -274.13179344     
      9.65   -274.33721820   -274.17719639   -274.17713744   -274.17479287   -274.13175299     
      9.66   -274.33721106   -274.17719602   -274.17713721   -274.17479441   -274.13173598     
      9.67   -274.33720395   -274.17719565   -274.17713700   -274.17479598   -274.13171904     
      9.68   -274.33719681   -274.17719474   -274.17713645   -274.17479736   -274.13172001     
      9.69   -274.33718978   -274.17719439   -274.17713625   -274.17479898   -274.13170312     
      9.70   -274.33718279   -274.17719404   -274.17713606   -274.17480062   -274.13168629     
      9.71   -274.33717584   -274.17719371   -274.17713588   -274.17480230   -274.13166950     
      9.72   -274.33716892   -274.17719338   -274.17713570   -274.17480400   -274.13165281     
      9.73   -274.33716205   -274.17719305   -274.17713552   -274.17480572   -274.13163620     
      9.74   -274.33715521   -274.17719274   -274.17713537   -274.17480746   -274.13161966     
      9.75   -274.33714841   -274.17719243   -274.17713520   -274.17480923   -274.13160317     
      9.76   -274.33714165   -274.17719212   -274.17713505   -274.17481103   -274.13158675     
      9.77   -274.33713492   -274.17719181   -274.17713490   -274.17481284   -274.13157041     
      9.78   -274.33712822   -274.17719151   -274.17713475   -274.17481468   -274.13155410     
      9.79   -274.33712157   -274.17719122   -274.17713460   -274.17481654   -274.13153786     
      9.80   -274.33711495   -274.17719093   -274.17713447   -274.17481843   -274.13152170     
      9.81   -274.33710824   -274.17719061   -274.17713434   -274.17482020   -274.13150564     
      9.82   -274.33710182   -274.17719033   -274.17713422   -274.17482228   -274.13148958     
      9.83   -274.33709529   -274.17718970   -274.17713375   -274.17482429   -274.13143831     
      9.84   -274.33708880   -274.17718944   -274.17713361   -274.17482627   -274.13142246     
      9.85   -274.33708229   -274.17718662   -274.17713103   -274.17482806   -274.13141787     
      9.86   -274.33707591   -274.17718635   -274.17713092   -274.17483010   -274.13140239     
      9.87   -274.33706967   -274.17718612   -274.17713084   -274.17483334   -274.13140303     
      9.88   -274.33706334   -274.17718584   -274.17713072   -274.17483540   -274.13138762     
      9.89   -274.33705705   -274.17718617   -274.17713124   -274.17483750   -274.13135515     
      9.90   -274.33705069   -274.17718589   -274.17713111   -274.17483951   -274.13133983     
      9.91   -274.33704452   -274.17718559   -274.17713098   -274.17484168   -274.13132426     
      9.92   -274.33703825   -274.17718534   -274.17713087   -274.17484379   -274.13130897     
      9.93   -274.33703209   -274.17718507   -274.17713075   -274.17484593   -274.13129393     
      9.94   -274.33702595   -274.17718485   -274.17713066   -274.17484810   -274.13127864     
      9.95   -274.33701972   -274.17718378   -274.17712977   -274.17485025   -274.13128342     
      9.96   -274.33701195   -274.17718326   -274.17712929   -274.17485156   -274.13125999     
      9.97   -274.33700596   -274.17718372   -274.17712990   -274.17485378   -274.13118353     
      9.98   -274.33699987   -274.17718048   -274.17712657   -274.17485568   -274.13120325     
      9.99   -274.33699398   -274.17718025   -274.17712648   -274.17485793   -274.13118815     
     10.00   -274.33698218   -274.17717993   -274.17712628   -274.17485480   -274.13117107     
     10.40   -274.33676262   -274.17717081   -274.17712400   -274.17494909   -274.13056220     
     10.80   -274.33657831   -274.17716444   -274.17712302   -274.17506656   -274.13006760                                                      
     11.20   -274.33640798   -274.17715560   -274.17712122   -274.17518483   -274.12965513     
     11.40   -274.33634685   -274.17715600   -274.17712245   -274.17524804   -274.12946627     
     11.60   -274.33629180   -274.17714278   -274.17708289   -274.17530954   -274.12929936     
     11.80   -274.33623601   -274.17709975   -274.17707065   -274.17536732   -274.12915103     
     12.00   -274.33618403   -274.17708195   -274.17705035   -274.17542208   -274.12900470 

