  3.0000   -274.05631428   -273.84325528     -0.02597046     -0.02597046
  3.4000   -274.12486480   -273.93769045     -0.02183079     -0.02183079
  3.4100   -274.12593795   -273.94308714     -0.02129138     -0.02129138
  3.4200   -274.12688032   -273.94083296     -0.02162673     -0.02162673
  3.4300   -274.12789246   -273.94613823     -0.02108919     -0.02108919
  3.4400   -274.12882414   -273.94755700     -0.02099113     -0.02099113
  3.4500   -274.12975700   -273.94903567     -0.02088451     -0.02088451
  3.4600   -274.13066020   -273.95054373     -0.02077003     -0.02077003
  3.4700   -274.13153427   -273.95211181     -0.02064500     -0.02064500
  3.4800   -274.13240826   -273.95368002     -0.02052039     -0.02052039
  3.4900   -274.13325232   -273.95527823     -0.02038980     -0.02038980
  3.5000   -274.13406601   -273.95687615     -0.02025643     -0.02025643
  3.5100   -274.13487922   -273.95844408     -0.02012688     -0.02012688
  3.5200   -274.13566256   -273.96004184     -0.01999091     -0.01999091
  3.5300   -274.13641566   -273.96163933     -0.01985192     -0.01985192
  3.5400   -274.13716828   -273.96320685     -0.01971683     -0.01971683
  3.5500   -274.13792076   -273.96477449     -0.01958221     -0.01958221
  3.5600   -274.13861278   -273.96634151     -0.01944146     -0.01944146
  3.5700   -274.13933449   -273.96787884     -0.01930771     -0.01930771
  3.5800   -274.13999570   -273.96941539     -0.01916755     -0.01916755
  3.5900   -274.14069087   -273.97092665     -0.01903467     -0.01903467
  3.6000   -274.14132143   -273.97243306     -0.01889546     -0.01889546
  3.6100   -274.14198024   -273.97393820     -0.01876007     -0.01876007
  3.6200   -274.14257969   -273.97541397     -0.01862174     -0.01862174
  3.6300   -274.14320954   -273.97689059     -0.01848722     -0.01848722
  3.6400   -274.14377901   -273.97836678     -0.01834679     -0.01834679
  3.6500   -274.14437800   -273.97981322     -0.01821360     -0.01821360
  3.6600   -274.14494669   -273.98125942     -0.01807763     -0.01807763
  3.6700   -274.14551493   -273.98267558     -0.01794533     -0.01794533
  3.6800   -274.14605289   -273.98409150     -0.01781023     -0.01781023
  3.6900   -274.14656057   -273.98550720     -0.01767237     -0.01767237
  3.7000   -274.14709793   -273.98689324     -0.01754156     -0.01754156
  3.7100   -274.14760499   -273.98827904     -0.01740800     -0.01740800
  3.7200   -274.14808138   -273.98963446     -0.01727501     -0.01727501
  3.7300   -274.14858817   -273.99102054     -0.01714258     -0.01714258
  3.7400   -274.14906439   -273.99237635     -0.01701074     -0.01701074
  3.7500   -274.14950986   -273.99370168     -0.01687945     -0.01687945
  3.7600   -274.14998545   -273.99502759     -0.01675197     -0.01675197
  3.7700   -274.15040049   -273.99635279     -0.01661841     -0.01661841
  3.7800   -274.15084518   -273.99764832     -0.01649198     -0.01649198
  3.7900   -274.15125984   -273.99897380     -0.01635982     -0.01635982
  3.8000   -274.15167376   -274.00023907     -0.01623444     -0.01623444
  3.8100   -274.15208790   -274.00153465     -0.01610643     -0.01610643
  3.8200   -274.15250166   -274.00280027     -0.01598210     -0.01598210
  3.8300   -274.15288502   -274.00406558     -0.01585511     -0.01585511
  3.8400   -274.15326794   -274.00530080     -0.01573173     -0.01573173
  3.8500   -274.15362064   -274.00653553     -0.01560481     -0.01560481
  3.8600   -274.15400359   -274.00777076     -0.01548123     -0.01548123
  3.8700   -274.15435620   -274.00900581     -0.01535512     -0.01535512
  3.8800   -274.15470850   -274.01021044     -0.01523152     -0.01523152
  3.8900   -274.15503091   -274.01141476     -0.01510403     -0.01510403
  3.9000   -274.15538359   -274.01261886     -0.01497809     -0.01497809
  3.9100   -274.15570644   -274.01379171     -0.01484871     -0.01484871
  3.9200   -274.15603039   -274.01496333     -0.01471363     -0.01471363
  3.9300   -274.15632600   -274.01613343     -0.01456792     -0.01456792
  3.9400   -274.15665261   -274.01730378     -0.01442307     -0.01442307
  3.9500   -274.15694670   -274.01844442     -0.01428475     -0.01428475
  3.9600   -274.15723851   -274.01958716     -0.01415694     -0.01415694
  3.9700   -274.15752893   -274.02070134     -0.01403871     -0.01403871
  3.9800   -274.15781885   -274.02184614     -0.01392033     -0.01392033
  3.9900   -274.15810789   -274.02296137     -0.01380790     -0.01380790
  4.0000   -274.15836640   -274.02407686     -0.01369455     -0.01369455
  4.0100   -274.15862426   -274.02516233     -0.01358551     -0.01358551
  4.0200   -274.15888200   -274.02627820     -0.01347490     -0.01347490
  4.0300   -274.15913921   -274.02736424     -0.01336877     -0.01336877
  4.0400   -274.15939621   -274.02845043     -0.01326349     -0.01326349
  4.0500   -274.15962256   -274.02950635     -0.01315914     -0.01315914
  4.0600   -274.15987894   -274.03056265     -0.01305840     -0.01305840
  4.0700   -274.16010480   -274.03161883     -0.01295585     -0.01295585
  4.0800   -274.16033039   -274.03267530     -0.01285466     -0.01285466
  4.0900   -274.16055591   -274.03373199     -0.01275414     -0.01275414
  4.1000   -274.16078100   -274.03475860     -0.01265731     -0.01265731
  4.1100   -274.16100584   -274.03578529     -0.01256126     -0.01256126
  4.1200   -274.16120036   -274.03681192     -0.01246304     -0.01246304
  4.1300   -274.16142446   -274.03780874     -0.01237192     -0.01237192
  4.1400   -274.16161818   -274.03880539     -0.01227853     -0.01227853
  4.1500   -274.16181181   -274.03980214     -0.01218561     -0.01218561
  4.1600   -274.16200526   -274.04079906     -0.01209351     -0.01209351
  4.1700   -274.16219828   -274.04176587     -0.01200505     -0.01200505
  4.1800   -274.16239142   -274.04276305     -0.01191439     -0.01191439
  4.1900   -274.16258417   -274.04373032     -0.01182773     -0.01182773
  4.2000   -274.16274641   -274.04469735     -0.01173893     -0.01173893
  4.2100   -274.16293857   -274.04563473     -0.01165684     -0.01165684
  4.2200   -274.16310054   -274.04657205     -0.01157223     -0.01157223
  4.2300   -274.16326209   -274.04750920     -0.01148826     -0.01148826
  4.2400   -274.16345367   -274.04844683     -0.01140823     -0.01140823
  4.2500   -274.16361483   -274.04938434     -0.01132613     -0.01132613
  4.2600   -274.16377554   -274.05029176     -0.01124775     -0.01124775
  4.2700   -274.16393616   -274.05119928     -0.01116986     -0.01116986
  4.2800   -274.16409663   -274.05210695     -0.01109272     -0.01109272
  4.2900   -274.16422674   -274.05301454     -0.01101348     -0.01101348
  4.3000   -274.16438654   -274.05389234     -0.01094114     -0.01094114
  4.3100   -274.16454659   -274.05480040     -0.01086604     -0.01086604
  4.3200   -274.16467612   -274.05567795     -0.01079098     -0.01079098
  4.3300   -274.16483553   -274.05652563     -0.01072215     -0.01072215
  4.3400   -274.16496513   -274.05740309     -0.01064667     -0.01064667
  4.3500   -274.16509459   -274.05825020     -0.01057347     -0.01057347
  4.3600   -274.16522414   -274.05909719     -0.01049975     -0.01049975
  4.3700   -274.16535382   -274.05994405     -0.01042534     -0.01042534
  4.3800   -274.16548364   -274.06079081     -0.01035034     -0.01035034
  4.3900   -274.16561324   -274.06160722     -0.01027780     -0.01027780
  4.4000   -274.16574322   -274.06245373     -0.01020175     -0.01020175
  4.4100   -274.16587300   -274.06326987     -0.01012808     -0.01012808
  4.4200   -274.16600269   -274.06405578     -0.01005683     -0.01005683
  4.4300   -274.16613280   -274.06487181     -0.00998207     -0.00998207
  4.4400   -274.16623235   -274.06565705     -0.00990667     -0.00990667
  4.4500   -274.16636257   -274.06647272     -0.00983067     -0.00983067
  4.4600   -274.16649269   -274.06725813     -0.00975705     -0.00975705
  4.4700   -274.16659247   -274.06801304     -0.00968302     -0.00968302
  4.4800   -274.16672283   -274.06879841     -0.00960868     -0.00960868
  4.4900   -274.16682281   -274.06955317     -0.00953374     -0.00953374
  4.5000   -274.16692293   -274.07030780     -0.00945809     -0.00945809
  4.5100   -274.16702317   -274.07106236     -0.00938195     -0.00938195
  4.5200   -274.16715374   -274.07181712     -0.00930827     -0.00930827
  4.5300   -274.16725352   -274.07254093     -0.00923414     -0.00923414
  4.5400   -274.16735408   -274.07329528     -0.00915661     -0.00915661
  4.5500   -274.16745447   -274.07401934     -0.00908152     -0.00908152
  4.5600   -274.16755439   -274.07474277     -0.00900599     -0.00900599
  4.5700   -274.16765472   -274.07543647     -0.00893290     -0.00893290
  4.5800   -274.16775536   -274.07616049     -0.00885700     -0.00885700
  4.5900   -274.16785558   -274.07685397     -0.00878356     -0.00878356
  4.6000   -274.16795625   -274.07754753     -0.00870914     -0.00870914
  4.6100   -274.16805696   -274.07824108     -0.00863457     -0.00863457
  4.6200   -274.16812737   -274.07893421     -0.00855681     -0.00855681
  4.6300   -274.16822793   -274.07959725     -0.00848399     -0.00848399
  4.6400   -274.16832903   -274.08029066     -0.00840792     -0.00840792
  4.6500   -274.16839941   -274.08095307     -0.00833106     -0.00833106
  4.6600   -274.16850057   -274.08161620     -0.00825677     -0.00825677
  4.6700   -274.16857134   -274.08227908     -0.00818003     -0.00818003
  4.6800   -274.16867198   -274.08291172     -0.00810853     -0.00810853
  4.6900   -274.16877321   -274.08357485     -0.00803393     -0.00803393
  4.7000   -274.16884376   -274.08420731     -0.00795929     -0.00795929
  4.7100   -274.16891436   -274.08483985     -0.00788466     -0.00788466
  4.7200   -274.16901514   -274.08544254     -0.00781550     -0.00781550
  4.7300   -274.16908571   -274.08607493     -0.00774041     -0.00774041
  4.7400   -274.16915614   -274.08667702     -0.00766767     -0.00766767
  4.7500   -274.16925747   -274.08730998     -0.00759474     -0.00759474
  4.7600   -274.16932827   -274.08791245     -0.00752189     -0.00752189
  4.7700   -274.16939917   -274.08851497     -0.00744879     -0.00744879
  4.7800   -274.16946987   -274.08908724     -0.00737831     -0.00737831
  4.7900   -274.16954085   -274.08968982     -0.00730503     -0.00730503
  4.8000   -274.16964166   -274.09026212     -0.00723695     -0.00723695
  4.8100   -274.16971256   -274.09083446     -0.00716584     -0.00716584
  4.8200   -274.16978355   -274.09140686     -0.00709459     -0.00709459
  4.8300   -274.16985454   -274.09197927     -0.00702325     -0.00702325
  4.8400   -274.16992507   -274.09255120     -0.00695175     -0.00695175
  4.8500   -274.16999597   -274.09309347     -0.00688291     -0.00688291
  4.8600   -274.17006716   -274.09366608     -0.00681126     -0.00681126
  4.8700   -274.17013805   -274.09420831     -0.00674212     -0.00674212
  4.8800   -274.17020822   -274.09474966     -0.00667241     -0.00667241
  4.8900   -274.17024928   -274.09529197     -0.00659999     -0.00659999
  4.9000   -274.17032021   -274.09580422     -0.00653325     -0.00653325
  4.9100   -274.17039142   -274.09634683     -0.00646379     -0.00646379
  4.9200   -274.17046244   -274.09685919     -0.00639691     -0.00639691
  4.9300   -274.17053325   -274.09737137     -0.00632994     -0.00632994
  4.9400   -274.17057409   -274.09788368     -0.00626033     -0.00626033
  4.9500   -274.17064409   -274.09839511     -0.00619328     -0.00619328
  4.9600   -274.17071509   -274.09887750     -0.00612878     -0.00612878
  4.9700   -274.17078641   -274.09939028     -0.00606159     -0.00606159
  4.9800   -274.17082722   -274.09987262     -0.00599441     -0.00599441
  4.9900   -274.17089829   -274.10035526     -0.00593000     -0.00593000
  5.0000   -274.17093913   -274.10083778     -0.00586303     -0.00586303
  5.0100   -274.17101033   -274.10132058     -0.00579844     -0.00579844
  5.0200   -274.17108144   -274.10180333     -0.00573384     -0.00573384
  5.0300   -274.17112218   -274.10225580     -0.00566929     -0.00566929
  5.0400   -274.17119125   -274.10270653     -0.00560724     -0.00560724
  5.0500   -274.17123227   -274.10318950     -0.00554028     -0.00554028
  5.0600   -274.17130295   -274.10364198     -0.00547831     -0.00547831
  5.0700   -274.17134254   -274.10409356     -0.00541396     -0.00541396
  5.0800   -274.17141350   -274.10451633     -0.00535450     -0.00535450
  5.0900   -274.17145440   -274.10496939     -0.00529028     -0.00529028
  5.1000   -274.17152545   -274.10539240     -0.00523094     -0.00523094
  5.1100   -274.17156639   -274.10584567     -0.00516693     -0.00516693
  5.1200   -274.17160715   -274.10626871     -0.00510540     -0.00510540
  5.1300   -274.17167827   -274.10669204     -0.00504630     -0.00504630
  5.1400   -274.17171908   -274.10711531     -0.00498493     -0.00498493
  5.1500   -274.17175973   -274.10750834     -0.00492599     -0.00492599
  5.1600   -274.17182915   -274.10793024     -0.00486718     -0.00486718
  5.1700   -274.17186934   -274.10832302     -0.00480848     -0.00480848
  5.1800   -274.17190963   -274.10871600     -0.00474994     -0.00474994
  5.1900   -274.17198076   -274.10913993     -0.00469155     -0.00469155
  5.2000   -274.17202141   -274.10953348     -0.00463329     -0.00463329
  5.2100   -274.17206096   -274.10989585     -0.00457740     -0.00457740
  5.2200   -274.17210079   -274.11028879     -0.00451942     -0.00451942
  5.2300   -274.17214134   -274.11065235     -0.00446371     -0.00446371
  5.2400   -274.17218207   -274.11104638     -0.00440593     -0.00440593
  5.2500   -274.17225275   -274.11141007     -0.00435270     -0.00435270
  5.2600   -274.17229144   -274.11177225     -0.00429797     -0.00429797
  5.2700   -274.17232972   -274.11213416     -0.00424351     -0.00424351
  5.2800   -274.17237016   -274.11249823     -0.00418888     -0.00418888
  5.2900   -274.17240781   -274.11285952     -0.00413402     -0.00413402
  5.3000   -274.17244665   -274.11322211     -0.00407924     -0.00407924
  5.3100   -274.17248692   -274.11355612     -0.00402717     -0.00402717
  5.3200   -274.17255748   -274.11392054     -0.00397528     -0.00397528
  5.3300   -274.17259742   -274.11425446     -0.00392357     -0.00392357
  5.3400   -274.17263727   -274.11458841     -0.00387205     -0.00387205
  5.3500   -274.17267751   -274.11492287     -0.00382076     -0.00382076
  5.3600   -274.17271772   -274.11525744     -0.00376970     -0.00376970
  5.3700   -274.17275776   -274.11556171     -0.00372088     -0.00372088
  5.3800   -274.17279787   -274.11589646     -0.00367037     -0.00367037
  5.3900   -274.17283793   -274.11623129     -0.00362011     -0.00362011
  5.4000   -274.17287438   -274.11653254     -0.00357270     -0.00357270
  5.4100   -274.17288022   -274.11683358     -0.00352363     -0.00352363
  5.4200   -274.17292387   -274.11714211     -0.00347601     -0.00347601
  5.4300   -274.17296382   -274.11747735     -0.00342674     -0.00342674
  5.4400   -274.17300350   -274.11775186     -0.00338143     -0.00338143
  5.4500   -274.17304328   -274.11805690     -0.00333450     -0.00333450
  5.4600   -274.17308302   -274.11836202     -0.00328784     -0.00328784
  5.4700   -274.17312253   -274.11863675     -0.00324326     -0.00324326
  5.4800   -274.17316213   -274.11894200     -0.00319715     -0.00319715
  5.4900   -274.17320160   -274.11921694     -0.00315310     -0.00315310
  5.5000   -274.17323559   -274.11948654     -0.00310934     -0.00310934
  5.5100   -274.17324466   -274.11976169     -0.00306417     -0.00306417
  5.5200   -274.17328408   -274.12003703     -0.00302121     -0.00302121
  5.5300   -274.17333455   -274.12032357     -0.00297865     -0.00297865
  5.5400   -274.17337355   -274.12059875     -0.00293624     -0.00293624
  5.5500   -274.17341260   -274.12084373     -0.00289562     -0.00289562
  5.5600   -274.17345160   -274.12111909     -0.00285349     -0.00285349
  5.5700   -274.17346027   -274.12139458     -0.00280991     -0.00280991
  5.5800   -274.17349924   -274.12163981     -0.00276991     -0.00276991
  5.5900   -274.17353815   -274.12188510     -0.00273016     -0.00273016
  5.6000   -274.17354661   -274.12213039     -0.00268902     -0.00268902
  5.6100   -274.17358541   -274.12237580     -0.00264981     -0.00264981
  5.6200   -274.17362436   -274.12262151     -0.00261098     -0.00261098
  5.6300   -274.17366300   -274.12286703     -0.00257245     -0.00257245
  5.6400   -274.17367115   -274.12311254     -0.00253266     -0.00253266
  5.6500   -274.17370964   -274.12335815     -0.00249475     -0.00249475
  5.6600   -274.17374801   -274.12357339     -0.00245861     -0.00245861
  5.6700   -274.17375685   -274.12381994     -0.00241968     -0.00241968
  5.6800   -274.17379512   -274.12403529     -0.00238402     -0.00238402
  5.6900   -274.17383356   -274.12425093     -0.00234869     -0.00234869
  5.7000   -274.17384123   -274.12446630     -0.00231221     -0.00231221
  5.7100   -274.17387928   -274.12468177     -0.00227743     -0.00227743
  5.7200   -274.17391755   -274.12489757     -0.00224296     -0.00224296
  5.7300   -274.17392501   -274.12511307     -0.00220741     -0.00220741
  5.7400   -274.17396286   -274.12532866     -0.00217349     -0.00217349
  5.7500   -274.17400059   -274.12554425     -0.00213992     -0.00213992
  5.7600   -274.17400578   -274.12572738     -0.00210649     -0.00210649
  5.7700   -274.17404086   -274.12594050     -0.00207339     -0.00207339
  5.7800   -274.17404786   -274.12612569     -0.00204076     -0.00204076
  5.7900   -274.17408203   -274.12633818     -0.00200862     -0.00200862
  5.8000   -274.17411679   -274.12652094     -0.00197798     -0.00197798
  5.8100   -274.17412364   -274.12670623     -0.00194601     -0.00194601
  5.8200   -274.17415829   -274.12688905     -0.00191581     -0.00191581
  5.8300   -274.17416319   -274.12707267     -0.00188497     -0.00188497
  5.8400   -274.17420001   -274.12725792     -0.00185573     -0.00185573
  5.8500   -274.17420637   -274.12744318     -0.00182542     -0.00182542
  5.8600   -274.17424088   -274.12759584     -0.00179780     -0.00179780
  5.8700   -274.17424700   -274.12778105     -0.00176809     -0.00176809
  5.8800   -274.17428366   -274.12796644     -0.00173964     -0.00173964
  5.8900   -274.17428990   -274.12812148     -0.00171151     -0.00171151
  5.9000   -274.17432452   -274.12830503     -0.00168384     -0.00168384
  5.9100   -274.17433034   -274.12845986     -0.00165648     -0.00165648
  5.9200   -274.17436373   -274.12861190     -0.00163042     -0.00163042
  5.9300   -274.17436948   -274.12879725     -0.00160248     -0.00160248
  5.9400   -274.17440594   -274.12895252     -0.00157696     -0.00157696
  5.9500   -274.17441146   -274.12910736     -0.00155069     -0.00155069
  5.9600   -274.17444776   -274.12926262     -0.00152577     -0.00152577
  5.9700   -274.17445344   -274.12938734     -0.00150116     -0.00150116
  5.9800   -274.17445869   -274.12954216     -0.00147581     -0.00147581
  5.9900   -274.17449434   -274.12969700     -0.00145175     -0.00145175
  6.0000   -274.17449997   -274.12985235     -0.00142702     -0.00142702
  6.0100   -274.17453541   -274.12997667     -0.00140454     -0.00140454
  6.0200   -274.17454031   -274.13013144     -0.00138044     -0.00138044
  6.0300   -274.17457622   -274.13025637     -0.00135852     -0.00135852
  6.0400   -274.17458144   -274.13041160     -0.00133502     -0.00133502
  6.0500   -274.17458605   -274.13053582     -0.00131271     -0.00131271
  6.0600   -274.17462107   -274.13066005     -0.00129158     -0.00129158
  6.0700   -274.17462551   -274.13078424     -0.00126984     -0.00126984
  6.0800   -274.17463057   -274.13090909     -0.00124838     -0.00124838
  6.0900   -274.17466535   -274.13106374     -0.00122722     -0.00122722
  6.1000   -274.17466953   -274.13118784     -0.00120635     -0.00120635
  6.1100   -274.17470409   -274.13128145     -0.00118742     -0.00118742
  6.1200   -274.17470810   -274.13140551     -0.00116712     -0.00116712
  6.1300   -274.17471231   -274.13152981     -0.00114706     -0.00114706
  6.1400   -274.17474666   -274.13165384     -0.00112809     -0.00112809
  6.1500   -274.17475084   -274.13174775     -0.00110941     -0.00110941
  6.1600   -274.17475363   -274.13187081     -0.00109027     -0.00109027
  6.1700   -274.17478769   -274.13196423     -0.00107292     -0.00107292
  6.1800   -274.17479181   -274.13208872     -0.00105425     -0.00105425
  6.1900   -274.17479407   -274.13221140     -0.00103592     -0.00103592
  6.2000   -274.17482789   -274.13230472     -0.00101933     -0.00101933
  6.2100   -274.17483115   -274.13239801     -0.00100223     -0.00100223
  6.2200   -274.17483466   -274.13249160     -0.00098541     -0.00098541
  6.2300   -274.17483777   -274.13258483     -0.00096886     -0.00096886
  6.2400   -274.17487131   -274.13270853     -0.00095254     -0.00095254
  6.2500   -274.17487465   -274.13280206     -0.00093643     -0.00093643
  6.2600   -274.17487639   -274.13289405     -0.00092062     -0.00092062
  6.2700   -274.17490881   -274.13298628     -0.00090582     -0.00090582
  6.2800   -274.17491151   -274.13304881     -0.00089121     -0.00089121
  6.2900   -274.17491305   -274.13314071     -0.00087619     -0.00087619
  6.3000   -274.17491604   -274.13323412     -0.00086149     -0.00086149
  6.3100   -274.17494906   -274.13332707     -0.00084758     -0.00084758
  6.3200   -274.17495037   -274.13341886     -0.00083327     -0.00083327
  6.3300   -274.17495645   -274.13348495     -0.00081982     -0.00081982
  6.3400   -274.17495802   -274.13357705     -0.00080594     -0.00080594
  6.3500   -274.17495949   -274.13366909     -0.00079237     -0.00079237
  6.3600   -274.17499154   -274.13373076     -0.00078025     -0.00078025
  6.3700   -274.17499288   -274.13382274     -0.00076727     -0.00076727
  6.3800   -274.17499439   -274.13388442     -0.00075493     -0.00075493
  6.3900   -274.17499515   -274.13394538     -0.00074286     -0.00074286
  6.4000   -274.17499705   -274.13403800     -0.00073057     -0.00073057
  6.4100   -274.17499893   -274.13410012     -0.00071882     -0.00071882
  6.4200   -274.17503066   -274.13416162     -0.00070778     -0.00070778
  6.4300   -274.17503169   -274.13425345     -0.00069599     -0.00069599
  6.4400   -274.17503338   -274.13431546     -0.00068495     -0.00068495
  6.4500   -274.17503508   -274.13437749     -0.00067395     -0.00067395
  6.4600   -274.17503597   -274.13443873     -0.00066311     -0.00066311
  6.4700   -274.17506711   -274.13449977     -0.00065323     -0.00065323
  6.4800   -274.17506755   -274.13456059     -0.00064251     -0.00064251
  6.4900   -274.17506809   -274.13462151     -0.00063164     -0.00063164
  6.5000   -274.17506848   -274.13468238     -0.00062214     -0.00062214
  6.5100   -274.17506885   -274.13474325     -0.00061296     -0.00061296
  6.5200   -274.17506951   -274.13480440     -0.00060345     -0.00060345
  6.5300   -274.17510126   -274.13483565     -0.00059510     -0.00059510
  6.5400   -274.17510160   -274.13489655     -0.00058661     -0.00058661
  6.5500   -274.17510207   -274.13495762     -0.00057858     -0.00057858
  6.5600   -274.17510310   -274.13498872     -0.00057069     -0.00057069
  6.5700   -274.17510357   -274.13504979     -0.00056261     -0.00056261
  6.5800   -274.17510447   -274.13508082     -0.00055523     -0.00055523
  6.5900   -274.17510464   -274.13514162     -0.00054753     -0.00054753
  6.6000   -274.17513600   -274.13520312     -0.00054046     -0.00054046
  6.6100   -274.17513688   -274.13523416     -0.00053352     -0.00053352
  6.6200   -274.17513725   -274.13526470     -0.00052689     -0.00052689
  6.6300   -274.17513797   -274.13532612     -0.00052006     -0.00052006
  6.6400   -274.17513868   -274.13535702     -0.00051365     -0.00051365
  6.6500   -274.17513919   -274.13541825     -0.00050702     -0.00050702
  6.6600   -274.17513987   -274.13544915     -0.00050096     -0.00050096
  6.6700   -274.17514177   -274.13548128     -0.00049498     -0.00049498
  6.6800   -274.17514201   -274.13551176     -0.00048930     -0.00048930
  6.6900   -274.17514229   -274.13557281     -0.00048368     -0.00048368
  6.7000   -274.17517299   -274.13560328     -0.00047864     -0.00047864
  6.7100   -274.17517320   -274.13563375     -0.00047323     -0.00047323
  6.7200   -274.17517338   -274.13566423     -0.00046842     -0.00046842
  6.7300   -274.17517356   -274.13569473     -0.00046411     -0.00046411
  6.7400   -274.17517374   -274.13572523     -0.00045983     -0.00045983
  6.7500   -274.17517400   -274.13575582     -0.00045546     -0.00045546
  6.7600   -274.17517420   -274.13578635     -0.00045131     -0.00045131
  6.7700   -274.17517450   -274.13581699     -0.00044732     -0.00044732
  6.7800   -274.17517471   -274.13584756     -0.00044343     -0.00044343
  6.7900   -274.17517490   -274.13587810     -0.00043975     -0.00043975
  6.8000   -274.17517514   -274.13590871     -0.00043622     -0.00043622
  6.8100   -274.17517528   -274.13593922     -0.00043288     -0.00043288
  6.8200   -274.17517547   -274.13593930     -0.00043002     -0.00043002
  6.8300   -274.17517559   -274.13596980     -0.00042696     -0.00042696
  6.8400   -274.17520627   -274.13600037     -0.00042437     -0.00042437
  6.8500   -274.17520635   -274.13603086     -0.00042166     -0.00042166
  6.8600   -274.17520645   -274.13603086     -0.00041945     -0.00041945
  6.8700   -274.17520652   -274.13603082     -0.00041681     -0.00041681
  6.8800   -274.17520664   -274.13606132     -0.00041331     -0.00041331
  6.8900   -274.17520672   -274.13609182     -0.00041079     -0.00041079
  6.9000   -274.17520676   -274.13609179     -0.00040945     -0.00040945
  6.9100   -274.17520680   -274.13612229     -0.00040771     -0.00040771
  6.9200   -274.17520683   -274.13612227     -0.00040630     -0.00040630
  6.9300   -274.17520688   -274.13615276     -0.00040452     -0.00040452
  6.9400   -274.17520694   -274.13615277     -0.00040331     -0.00040331
  6.9500   -274.17520698   -274.13618327     -0.00040173     -0.00040173
  6.9600   -274.17520701   -274.13618326     -0.00040074     -0.00040074
  6.9700   -274.17520703   -274.13621376     -0.00039967     -0.00039967
  6.9800   -274.17520705   -274.13621375     -0.00039892     -0.00039892
  6.9900   -274.17520706   -274.13621374     -0.00039851     -0.00039851
  7.0000   -274.17520707   -274.13627476     -0.00039750     -0.00039750
  7.0100   -274.17520708   -274.13627476     -0.00039724     -0.00039724
  7.0200   -274.17520708   -274.13627475     -0.00039717     -0.00039717
  7.0300   -274.17520709   -274.13630526     -0.00039645     -0.00039645
  7.0400   -274.17520710   -274.13630525     -0.00039607     -0.00039607
  7.0500   -274.17520711   -274.13630525     -0.00039574     -0.00039574
  7.0600   -274.17520711   -274.13630524     -0.00039540     -0.00039540
  7.0700   -274.17520712   -274.13633575     -0.00039486     -0.00039486
  7.0800   -274.17520713   -274.13633575     -0.00039442     -0.00039442
  7.0900   -274.17520715   -274.13633573     -0.00039358     -0.00039358
  7.1000   -274.17520719   -274.13633572     -0.00039249     -0.00039249
  7.1100   -274.17520723   -274.13630522     -0.00039189     -0.00039189
  7.1200   -274.17520726   -274.13630520     -0.00039093     -0.00039093
  7.1300   -274.17520729   -274.13633570     -0.00038925     -0.00038925
  7.1400   -274.17520738   -274.13633572     -0.00038759     -0.00038759
  7.1500   -274.17520744   -274.13633571     -0.00038604     -0.00038604
  7.1600   -274.17520750   -274.13633572     -0.00038466     -0.00038466
  7.1700   -274.17520755   -274.13633571     -0.00038325     -0.00038325
  7.1800   -274.17520760   -274.13633571     -0.00038165     -0.00038165
  7.1900   -274.17520766   -274.13633568     -0.00037965     -0.00037965
  7.2000   -274.17520772   -274.13633566     -0.00037757     -0.00037757
  7.2100   -274.17520778   -274.13633564     -0.00037546     -0.00037546
  7.2200   -274.17520792   -274.13633569     -0.00037314     -0.00037314
  7.2300   -274.17517750   -274.13633569     -0.00037048     -0.00037048
  7.2400   -274.17517766   -274.13633576     -0.00036801     -0.00036801
  7.2500   -274.17517781   -274.13633582     -0.00036553     -0.00036553
  7.2600   -274.17517794   -274.13630534     -0.00036323     -0.00036323
  7.2700   -274.17517813   -274.13630542     -0.00036056     -0.00036056
  7.2800   -274.17517827   -274.13630546     -0.00035778     -0.00035778
  7.2900   -274.17517841   -274.13630549     -0.00035483     -0.00035483
  7.3000   -274.17517857   -274.13630554     -0.00035167     -0.00035167
  7.3100   -274.17517883   -274.13630568     -0.00034845     -0.00034845
  7.3200   -274.17517898   -274.13627521     -0.00034561     -0.00034561
  7.3300   -274.17517905   -274.13627517     -0.00034248     -0.00034248
  7.3400   -274.17517932   -274.13627533     -0.00033921     -0.00033921
  7.3500   -274.17517959   -274.13627548     -0.00033587     -0.00033587
  7.3600   -274.17517987   -274.13624513     -0.00033273     -0.00033273
  7.3700   -274.17518007   -274.13624521     -0.00032921     -0.00032921
  7.3800   -274.17518038   -274.13624540     -0.00032560     -0.00032560
  7.3900   -274.17518070   -274.13624560     -0.00032202     -0.00032202
  7.4000   -274.17518085   -274.13621511     -0.00031856     -0.00031856
  7.4100   -274.17515069   -274.13621534     -0.00031443     -0.00031443
  7.4200   -274.17515082   -274.13621534     -0.00031025     -0.00031025
  7.4300   -274.17515100   -274.13618485     -0.00030583     -0.00030583
  7.4400   -274.17515111   -274.13618483     -0.00030151     -0.00030151
  7.4500   -274.17515120   -274.13618479     -0.00029722     -0.00029722
  7.4600   -274.17515145   -274.13618489     -0.00029228     -0.00029228
  7.4700   -274.17515156   -274.13615436     -0.00028805     -0.00028805
  7.4800   -274.17515199   -274.13615467     -0.00028421     -0.00028421
  7.4900   -274.17515217   -274.13612422     -0.00028045     -0.00028045
  7.5000   -274.17515228   -274.13612420     -0.00027596     -0.00027596
  7.5100   -274.17515238   -274.13609368     -0.00027266     -0.00027266
  7.5200   -274.17515242   -274.13609366     -0.00027005     -0.00027005
  7.5300   -274.17515247   -274.13609366     -0.00026808     -0.00026808
  7.5400   -274.17512195   -274.13606305     -0.00026535     -0.00026535
  7.5500   -274.17512321   -274.13606419     -0.00026076     -0.00026076
  7.5600   -274.17512333   -274.13603367     -0.00025598     -0.00025598
  7.5700   -274.17512359   -274.13603379     -0.00025076     -0.00025076
  7.5800   -274.17512371   -274.13600326     -0.00024544     -0.00024544
  7.5900   -274.17512396   -274.13600337     -0.00023970     -0.00023970
  7.6000   -274.17512419   -274.13597295     -0.00023454     -0.00023454
  7.6100   -274.17512451   -274.13597315     -0.00022947     -0.00022947
  7.6200   -274.17512463   -274.13594262     -0.00022424     -0.00022424
  7.6300   -274.17509422   -274.13594262     -0.00021893     -0.00021893
  7.6400   -274.17509438   -274.13591216     -0.00021438     -0.00021438
  7.6500   -274.17509476   -274.13591243     -0.00020930     -0.00020930
  7.6600   -274.17509498   -274.13588202     -0.00020413     -0.00020413
  7.6700   -274.17509512   -274.13585152     -0.00019837     -0.00019837
  7.6800   -274.17509524   -274.13585153     -0.00019304     -0.00019304
  7.6900   -274.17509532   -274.13582100     -0.00018830     -0.00018830
  7.7000   -274.17506502   -274.13582112     -0.00018248     -0.00018248
  7.7100   -274.17506525   -274.13579073     -0.00017690     -0.00017690
  7.7200   -274.17506595   -274.13579132     -0.00017135     -0.00017135
  7.7300   -274.17506665   -274.13576141     -0.00016586     -0.00016586
  7.7400   -274.17506736   -274.13573151     -0.00016036     -0.00016036
  7.7500   -274.17506809   -274.13573215     -0.00015470     -0.00015470
  7.7600   -274.17506882   -274.13570228     -0.00014908     -0.00014908
  7.7700   -274.17506931   -274.13570268     -0.00014329     -0.00014329
  7.7800   -274.17507007   -274.13567284     -0.00013757     -0.00013757
  7.7900   -274.17507082   -274.13567351     -0.00013177     -0.00013177
  7.8000   -274.17504030   -274.13564292     -0.00012592     -0.00012592
  7.8100   -274.17504059   -274.13561261     -0.00011991     -0.00011991
  7.8200   -274.17504111   -274.13561306     -0.00011357     -0.00011357
  7.8300   -274.17504138   -274.13558274     -0.00010740     -0.00010740
  7.8400   -274.17504182   -274.13555259     -0.00010146     -0.00010146
  7.8500   -274.17504198   -274.13555270     -0.00009577     -0.00009577
  7.8600   -274.17504207   -274.13552222     -0.00008996     -0.00008996
  7.8700   -274.17504259   -274.13552268     -0.00008371     -0.00008371
  7.8800   -274.17504343   -274.13549295     -0.00007762     -0.00007762
  7.8900   -274.17504372   -274.13546268     -0.00007165     -0.00007165
  7.9000   -274.17501353   -274.13546297     -0.00006560     -0.00006560
  7.9100   -274.17501381   -274.13543269     -0.00005939     -0.00005939
  7.9200   -274.17501436   -274.13540269     -0.00005310     -0.00005310
  7.9300   -274.17501524   -274.13537301     -0.00004685     -0.00004685
  7.9400   -274.17501611   -274.13537386     -0.00004054     -0.00004054
  7.9500   -274.17501631   -274.13534352     -0.00003448     -0.00003448
  7.9600   -274.17501637   -274.13531305     -0.00002802     -0.00002802
  7.9700   -274.17501753   -274.13531418     -0.00002088     -0.00002088
  7.9800   -274.17501766   -274.13528379     -0.00001410     -0.00001410
  7.9900   -274.17501775   -274.13525335     -0.00000724     -0.00000724
  8.0000   -274.17498779   -274.13525391      0.00000000      0.00000000
