      3.00   -363.51493527   -363.50754644   -363.45429398   -363.36934593   -363.28602331   -363.25889422   -363.23525909   -363.22022138   -363.20752534   -363.17327411
      3.02   -363.51983222   -363.50744690   -363.45658022   -363.37246977   -363.29037174   -363.26286519   -363.23934401   -363.22543610   -363.21180815   -363.17881605
      3.04   -363.52451907   -363.50720710   -363.45874457   -363.37540640   -363.29457091   -363.26665751   -363.24324110   -363.23045134   -363.21590138   -363.18417068
      3.06   -363.52899953   -363.50684411   -363.46079634   -363.37816455   -363.29862794   -363.27027946   -363.24695929   -363.23527574   -363.21981516   -363.18934617
      3.08   -363.53328139   -363.50637040   -363.46274387   -363.38075252   -363.30254931   -363.27373893   -363.25050708   -363.23991760   -363.22355842   -363.19435050
      3.10   -363.53737299   -363.50579753   -363.46459442   -363.38317817   -363.30634105   -363.27704340   -363.25389257   -363.24438476   -363.22713901   -363.19919133
      3.12   -363.54128262   -363.50513693   -363.46635399   -363.38544893   -363.31000868   -363.28020001   -363.25712351   -363.24868464   -363.23056373   -363.20387601
      3.14   -363.54501826   -363.50440038   -363.46802716   -363.38757184   -363.31355733   -363.28321550   -363.26020729   -363.25282429   -363.23383828   -363.20841149
      3.16   -363.54858758   -363.50360037   -363.46961671   -363.38955351   -363.31699173   -363.28609628   -363.26315096   -363.25681031   -363.23696726   -363.21280435
      3.18   -363.55199788   -363.50275056   -363.47112331   -363.39140020   -363.32031627   -363.28884845   -363.26596126   -363.26064888   -363.23995411   -363.21706076
      3.20   -363.55525615   -363.50186647   -363.47254484   -363.39311778   -363.32353504   -363.29147774   -363.26864459   -363.26434588   -363.24280133   -363.22118653
      3.22   -363.55836901   -363.50096622   -363.47387568   -363.39471179   -363.32665182   -363.29398962   -363.27120709   -363.26790671   -363.24551063   -363.22518708
      3.24   -363.56134283   -363.50007170   -363.47510564   -363.39618747   -363.32967018   -363.29638924   -363.27365463   -363.27133638   -363.24808355   -363.22906754
      3.26   -363.56418366   -363.49920980   -363.47621878   -363.39754972   -363.33259346   -363.29868151   -363.27599302   -363.27463939   -363.25052238   -363.23283267
      3.28   -363.56689737   -363.49841372   -363.47719210   -363.39880316   -363.33542487   -363.30087106   -363.27822981   -363.27781789   -363.25283123   -363.23648693
      3.30   -363.56948956   -363.49772367   -363.47799503   -363.39995214   -363.33816744   -363.30296233   -363.28089006   -363.28035592   -363.25501701   -363.24003447
      3.32   -363.57196563   -363.49718545   -363.47859076   -363.40100076   -363.34082412   -363.30495953   -363.28383807   -363.28239783   -363.25709000   -363.24347916
      3.34   -363.57433069   -363.49684533   -363.47894135   -363.40195284   -363.34339770   -363.30686669   -363.28667773   -363.28434778   -363.25906346   -363.24682455
      3.36   -363.57658957   -363.49674070   -363.47901725   -363.40281202   -363.34589083   -363.30868768   -363.28941097   -363.28621135   -363.26095245   -363.25007395
      3.38   -363.57874675   -363.49688954   -363.47880767   -363.40358170   -363.34830599   -363.31042623   -363.29204064   -363.28799262   -363.26277216   -363.25323040
      3.40   -363.58080642   -363.49728556   -363.47832555   -363.40426506   -363.35064552   -363.31208598   -363.29456942   -363.28969543   -363.26453642   -363.25629672
      3.42   -363.58277252   -363.49790257   -363.47760316   -363.40486511   -363.35291169   -363.31367040   -363.29699978   -363.29132344   -363.26625656   -363.25927555
      3.44   -363.58464879   -363.49870462   -363.47668205   -363.40538462   -363.35510674   -363.31518283   -363.29933408   -363.29288018   -363.26794122   -363.26216937
      3.46   -363.58643884   -363.49965518   -363.47560387   -363.40582617   -363.35723293   -363.31662641   -363.30157465   -363.29436908   -363.26959638   -363.26498048
      3.48   -363.58814613   -363.50072240   -363.47440517   -363.40619214   -363.35929257   -363.31800414   -363.30372380   -363.29579337   -363.27122589   -363.26771094
      3.50   -363.58977400   -363.50188061   -363.47311593   -363.40648471   -363.36128790   -363.31931883   -363.30578382   -363.29715621   -363.27283210   -363.27036246
      3.52   -363.59132568   -363.50310991   -363.47175995   -363.40670586   -363.36322123   -363.32057315   -363.30775699   -363.29846056   -363.27441705   -363.27293580
      3.54   -363.59280429   -363.50439511   -363.47035601   -363.40685744   -363.36509478   -363.32176963   -363.30964558   -363.29970930   -363.27598968   -363.27542394
      3.56   -363.59421281   -363.50572456   -363.46891900   -363.40694112   -363.36691076   -363.32291066   -363.31145180   -363.30090515   -363.27790510   -363.27747306
      3.58   -363.59555414   -363.50708925   -363.46746086   -363.40695842   -363.36867131   -363.32399851   -363.31317784   -363.30205079   -363.28024289   -363.27900446
      3.60   -363.59683105   -363.50848206   -363.46599135   -363.40691076   -363.37037850   -363.32503539   -363.31482586   -363.30314878   -363.28252706   -363.28049492
      3.62   -363.59804623   -363.50989728   -363.46451856   -363.40679940   -363.37203438   -363.32602335   -363.31639800   -363.30420163   -363.28474494   -363.28195775
      3.64   -363.59920232   -363.51133019   -363.46304931   -363.40662555   -363.37364090   -363.32696434   -363.31789639   -363.30521180   -363.28689626   -363.28339371
      3.66   -363.60030187   -363.51277682   -363.46158939   -363.40639028   -363.37519996   -363.32786022   -363.31932315   -363.30618173   -363.28898174   -363.28480266
      3.68   -363.60134744   -363.51423377   -363.46014377   -363.40609454   -363.37671344   -363.32871278   -363.32068039   -363.30711389   -363.29100225   -363.28618426
      3.70   -363.60234162   -363.51569811   -363.45871666   -363.40573917   -363.37818318   -363.32952360   -363.32197024   -363.30801073   -363.29295864   -363.28753823
      3.72   -363.60328711   -363.51716718   -363.45731165   -363.40532477   -363.37961105   -363.33029420   -363.32319479   -363.30887486   -363.29485174   -363.28886433
      3.74   -363.60418685   -363.51863859   -363.45593163   -363.40485162   -363.38099894   -363.33102587   -363.32435607   -363.30970896   -363.29668229   -363.29016257
      3.76   -363.60504409   -363.52011015   -363.45457883   -363.40431957   -363.38234883   -363.33171962   -363.32545595   -363.31051594   -363.29845092   -363.29143412
      3.78   -363.60586191   -363.52157967   -363.45325511   -363.40372869   -363.38366240   -363.33237632   -363.32649600   -363.31129883   -363.30015782   -363.29268494
      3.80   -363.60664159   -363.52304505   -363.45196295   -363.40308155   -363.38494035   -363.33299728   -363.32747802   -363.31206070   -363.30180161   -363.29393490
      3.82   -363.60738164   -363.52450463   -363.45070624   -363.40238503   -363.38618226   -363.33358502   -363.32840598   -363.31280471   -363.30337885   -363.29522443
      3.84   -363.60808101   -363.52595762   -363.44948842   -363.40164620   -363.38738864   -363.33414242   -363.32928742   -363.31353472   -363.30488560   -363.29660870
      3.86   -363.60874143   -363.52740385   -363.44831086   -363.40086860   -363.38856179   -363.33467162   -363.33013330   -363.31425641   -363.30631898   -363.29816046
      3.88   -363.60936918   -363.52884365   -363.44717405   -363.40005524   -363.38970562   -363.33517571   -363.33096311   -363.31498620   -363.30769302   -363.29998545
      3.90   -363.61006010   -363.53028398   -363.44606680   -363.39918321   -363.39094309   -363.33565684   -363.33283107   -363.31802606   -363.31123478   -363.29918238
      3.92   -363.61065549   -363.53169233   -363.44499624   -363.39827282   -363.39204514   -363.33612036   -363.33398440   -363.32021948   -363.31283311   -363.29976708
      3.94   -363.61116206   -363.53308977   -363.44397982   -363.39738259   -363.39305791   -363.33656281   -363.33475812   -363.32161641   -363.31414662   -363.30077571
      3.96   -363.61163528   -363.53447285   -363.44300124   -363.39651607   -363.39398583   -363.33698640   -363.33549096   -363.32294654   -363.31541721   -363.30175203
      3.98   -363.61207780   -363.53584072   -363.44205984   -363.39593613   -363.39457023   -363.33739596   -363.33618974   -363.32422060   -363.31664690   -363.30269902
      4.00   -363.61249103   -363.53719258   -363.44115594   -363.39635208   -363.39410716   -363.33779915   -363.33685297   -363.32543706   -363.31783536   -363.30361999
      4.02   -363.61280412   -363.53853157   -363.44042553   -363.39703723   -363.39347487   -363.33819163   -363.33750118   -363.32630282   -363.31882974   -363.30480202
      4.04   -363.61316485   -363.53985452   -363.43958314   -363.39788658   -363.39247349   -363.33862072   -363.33805527   -363.32741611   -363.31994405   -363.30564795
      4.06   -363.61350025   -363.54115969   -363.43877280   -363.39873593   -363.39142850   -363.33912250   -363.33850614   -363.32847288   -363.32102093   -363.30646797
      4.08   -363.61381133   -363.54244655   -363.43799324   -363.39956933   -363.39035951   -363.33968571   -363.33886995   -363.32947139   -363.32206091   -363.30726257
      4.10   -363.61409903   -363.54371465   -363.43724312   -363.40038198   -363.38927477   -363.34027644   -363.33918521   -363.33040995   -363.32306463   -363.30803213
      4.12   -363.61436430   -363.54496361   -363.43652108   -363.40117219   -363.38817933   -363.34087840   -363.33947262   -363.33128708   -363.32403279   -363.30877699
      4.14   -363.61460805   -363.54619307   -363.43582579   -363.40193935   -363.38707702   -363.34148670   -363.33974105   -363.33210157   -363.32496610   -363.30949755
      4.16   -363.61483119   -363.54740275   -363.43515591   -363.40268332   -363.38597101   -363.34210040   -363.33999481   -363.33285275   -363.32586530   -363.31019422
      4.18   -363.61503458   -363.54859241   -363.43451017   -363.40340419   -363.38486413   -363.34271963   -363.34023642   -363.33354060   -363.32673115   -363.31086743
      4.20   -363.61521905   -363.54976186   -363.43388735   -363.40410217   -363.38375893   -363.34334451   -363.34046752   -363.33416585   -363.32756442   -363.31151761
      4.22   -363.61538542   -363.55091095   -363.43328629   -363.40477755   -363.38265773   -363.34397476   -363.34068927   -363.33473009   -363.32836589   -363.31214532
      4.24   -363.61553448   -363.55203957   -363.43270590   -363.40543063   -363.38156266   -363.34460955   -363.34090251   -363.33523568   -363.32913634   -363.31275100
      4.26   -363.61566699   -363.55314766   -363.43214513   -363.40606176   -363.38047567   -363.34524755   -363.34110780   -363.33568567   -363.32987654   -363.31333519
      4.28   -363.61578367   -363.55423519   -363.43160302   -363.40667130   -363.37939857   -363.34588705   -363.34130552   -363.33608360   -363.33058730   -363.31389840
      4.30   -363.61588525   -363.55530214   -363.43107867   -363.40725960   -363.37833299   -363.34652612   -363.34149586   -363.33643336   -363.33126937   -363.31444117
      4.32   -363.61597241   -363.55634855   -363.43057125   -363.40782703   -363.37728041   -363.34716275   -363.34167889   -363.33673898   -363.33192356   -363.31496405
      4.34   -363.61604580   -363.55737448   -363.43007999   -363.40837397   -363.37624219   -363.34779499   -363.34185455   -363.33700442   -363.33255061   -363.31546753
      4.36   -363.61610608   -363.55838000   -363.42960417   -363.40890079   -363.37521953   -363.34842100   -363.34202277   -363.33723361   -363.33315131   -363.31595219
      4.38   -363.61615387   -363.55936523   -363.42914316   -363.40940787   -363.37421354   -363.34903916   -363.34218342   -363.33743015   -363.33372642   -363.31641856
      4.40   -363.61618974   -363.56033029   -363.42869635   -363.40989556   -363.37322518   -363.34964805   -363.34233639   -363.33759741   -363.33427667   -363.31686718
      4.42   -363.61621430   -363.56127533   -363.42826319   -363.41036425   -363.37225533   -363.35024651   -363.34248157   -363.33773846   -363.33480281   -363.31729856
      4.44   -363.61622809   -363.56220051   -363.42784319   -363.41081429   -363.37130474   -363.35083353   -363.34261888   -363.33785605   -363.33530557   -363.31771324
      4.46   -363.61623165   -363.56310601   -363.42743591   -363.41124606   -363.37037409   -363.35140844   -363.34274830   -363.33795267   -363.33578565   -363.31811172
      4.48   -363.61622550   -363.56399202   -363.42704093   -363.41165989   -363.36946396   -363.35197061   -363.34286982   -363.33803052   -363.33624379   -363.31849452
      4.50   -363.61621016   -363.56485874   -363.42665790   -363.41205615   -363.36857489   -363.35251966   -363.34298348   -363.33809156   -363.33668066   -363.31886214
      4.52   -363.61618609   -363.56570640   -363.42628648   -363.41243518   -363.36770733   -363.35305533   -363.34308935   -363.33813758   -363.33709691   -363.31921506
      4.54   -363.61615379   -363.56653522   -363.42592639   -363.41279732   -363.36686172   -363.35357749   -363.34318756   -363.33817021   -363.33749313   -363.31955376
      4.56   -363.61611371   -363.56734542   -363.42557739   -363.41314290   -363.36603847   -363.35408613   -363.34327821   -363.33819135   -363.33786943   -363.31987872
      4.58   -363.61606630   -363.56813724   -363.42523925   -363.41347225   -363.36523805   -363.35458128   -363.34336149   -363.33824394   -363.33818478   -363.32019040
      4.60   -363.61601201   -363.56891091   -363.42491179   -363.41378570   -363.36446100   -363.35506306   -363.34343755   -363.33857272   -363.33819611   -363.32048927
      4.62   -363.61595128   -363.56966667   -363.42459487   -363.41408357   -363.36370810   -363.35553154   -363.34350659   -363.33889555   -363.33818718   -363.32077576
      4.64   -363.61588456   -363.57040475   -363.42428837   -363.41436622   -363.36298056   -363.35598668   -363.34356884   -363.33920226   -363.33816960   -363.32105033
      4.66   -363.61581232   -363.57112535   -363.42399221   -363.41463403   -363.36228048   -363.35642799   -363.34362453   -363.33949310   -363.33814444   -363.32131342
      4.68   -363.61573507   -363.57182863   -363.42370633   -363.41488744   -363.36161190   -363.35685383   -363.34367393   -363.33976864   -363.33811232   -363.32156546
      4.70   -363.61565339   -363.57251470   -363.42343068   -363.41512707   -363.36098348   -363.35725935   -363.34371735   -363.34002948   -363.33807356   -363.32180692
      4.72   -363.61556804   -363.57318350   -363.42316520   -363.41535381   -363.36041643   -363.35762982   -363.34375516   -363.34027630   -363.33802812   -363.32203812
      4.74   -363.61548015   -363.57383457   -363.42290976   -363.41556929   -363.35996982   -363.35791841   -363.34378790   -363.34050984   -363.33797517   -363.32225944
      4.76   -363.61539171   -363.57446640   -363.42266396   -363.41577680   -363.35979357   -363.35800103   -363.34381632   -363.34073095   -363.33791193   -363.32247116
      4.78   -363.61530582   -363.57507483   -363.42242697   -363.41598224   -363.36004172   -363.35777126   -363.34384099   -363.34094004   -363.33783148   -363.32267518
      4.80   -363.61521869   -363.57566017   -363.42220169   -363.41617842   -363.36056946   -363.35733092   -363.34385899   -363.34113431   -363.33773618   -363.32288783
      4.82   -363.61512129   -363.57623562   -363.42199427   -363.41634556   -363.36109201   -363.35682001   -363.34386849   -363.34131278   -363.33764696   -363.32313219
      4.84   -363.61501668   -363.57680259   -363.42180430   -363.41648730   -363.36156697   -363.35629988   -363.34387258   -363.34147819   -363.33756334   -363.32342417
      4.86   -363.61490853   -363.57735872   -363.42163123   -363.41660933   -363.36201334   -363.35578593   -363.34387360   -363.34163189   -363.33747938   -363.32380391
      4.88   -363.61479980   -363.57790258   -363.42147599   -363.41671542   -363.36244432   -363.35528150   -363.34387430   -363.34177446   -363.33738935   -363.32437683
      4.90   -363.61469437   -363.57843336   -363.42134162   -363.41680992   -363.36287059   -363.35478469   -363.34388095   -363.34190629   -363.33728446   -363.32544029
      4.92   -363.61459826   -363.57895169   -363.42123604   -363.41690061   -363.36330694   -363.35428542   -363.34391597   -363.34202809   -363.33714802   -363.32791048
      4.94   -363.61451943   -363.57946644   -363.42118777   -363.41701362   -363.36377975   -363.35374653   -363.34413948   -363.34214365   -363.33712246   -363.33405790
      4.96   -363.61447000   -363.57997696   -363.42126671   -363.41720430   -363.36428042   -363.35319876   -363.34666327   -363.34237148   -363.34196411   -363.33613851
      4.98   -363.61436922   -363.58045777   -363.42129756   -363.41726462   -363.36475089   -363.35294187   -363.34915392   -363.34289964   -363.34228549   -363.33598470
      5.00   -363.61424043   -363.58092611   -363.42128737   -363.41724200   -363.36519690   -363.35281116   -363.35013828   -363.34303888   -363.34237800   -363.33592911
      5.02   -363.61410571   -363.58138344   -363.42127604   -363.41719006   -363.36563429   -363.35286224   -363.35067172   -363.34309944   -363.34245713   -363.33590515
      5.04   -363.61396852   -363.58182892   -363.42127056   -363.41712142   -363.36607316   -363.35319451   -363.35084115   -363.34312849   -363.34252620   -363.33589265
      5.06   -363.61382961   -363.58226262   -363.42127129   -363.41704080   -363.36651855   -363.35373545   -363.35075798   -363.34314013   -363.34258552   -363.33588526
      5.08   -363.61368930   -363.58268482   -363.42127721   -363.41695096   -363.36697350   -363.35435798   -363.35055920   -363.34314127   -363.34263472   -363.33588053
      5.10   -363.61354777   -363.58309580   -363.42128702   -363.41685394   -363.36744009   -363.35499498   -363.35031440   -363.34313648   -363.34267297   -363.33587736
      5.12   -363.61340519   -363.58349583   -363.42129951   -363.41675142   -363.36791962   -363.35561802   -363.35005227   -363.34312937   -363.34269911   -363.33587524
      5.14   -363.61326172   -363.58388516   -363.42131357   -363.41664475   -363.36841292   -363.35621448   -363.34978527   -363.34312290   -363.34271192   -363.33587388
      5.16   -363.61311747   -363.58426405   -363.42132827   -363.41653507   -363.36892030   -363.35677835   -363.34951933   -363.34311913   -363.34271069   -363.33587313
      5.18   -363.61297258   -363.58463272   -363.42134283   -363.41642334   -363.36944164   -363.35730686   -363.34925753   -363.34311886   -363.34269568   -363.33587291
      5.20   -363.61282715   -363.58499139   -363.42135660   -363.41631034   -363.36997637   -363.35779894   -363.34900149   -363.34312162   -363.34266823   -363.33587314
      5.22   -363.61268129   -363.58534033   -363.42136905   -363.41619674   -363.37052351   -363.35825478   -363.34875211   -363.34312622   -363.34263032   -363.33587382
      5.24   -363.61253510   -363.58567975   -363.42137977   -363.41608308   -363.37108173   -363.35867511   -363.34850988   -363.34313134   -363.34258395   -363.33587491
      5.26   -363.61238868   -363.58600986   -363.42138843   -363.41596979   -363.37164961   -363.35906139   -363.34827498   -363.34313591   -363.34253074   -363.33587640
      5.28   -363.61224212   -363.58633089   -363.42139475   -363.41585724   -363.37222544   -363.35941523   -363.34804748   -363.34313916   -363.34247202   -363.33587825
      5.30   -363.61209550   -363.58664304   -363.42139856   -363.41574572   -363.37280745   -363.35973845   -363.34782735   -363.34314061   -363.34240877   -363.33588046
      5.32   -363.61194890   -363.58694653   -363.42139970   -363.41563548   -363.37339396   -363.36003309   -363.34761449   -363.34313996   -363.34234177   -363.33588301
      5.34   -363.61180240   -363.58724158   -363.42139807   -363.41552671   -363.37398329   -363.36030132   -363.34740877   -363.34313705   -363.34227159   -363.33588590
      5.36   -363.61165536   -363.58752825   -363.42139192   -363.41541865   -363.37457103   -363.36053948   -363.34720842   -363.34313118   -363.34219790   -363.33588842
      5.38   -363.61150928   -363.58780699   -363.42138459   -363.41531324   -363.37516117   -363.36075959   -363.34701642   -363.34312358   -363.34212271   -363.33589192
      5.40   -363.61136350   -363.58807789   -363.42137435   -363.41520967   -363.37574960   -363.36095864   -363.34683099   -363.34311369   -363.34204558   -363.33589570
      5.42   -363.61121808   -363.58834113   -363.42136122   -363.41510801   -363.37633510   -363.36113816   -363.34665188   -363.34310156   -363.34196675   -363.33589975
      5.44   -363.61107307   -363.58859689   -363.42134521   -363.41500834   -363.37691655   -363.36129954   -363.34647888   -363.34308727   -363.34188649   -363.33590404
      5.46   -363.61092853   -363.58884538   -363.42132636   -363.41491068   -363.37749297   -363.36144417   -363.34631178   -363.34307093   -363.34180503   -363.33590857
      5.48   -363.61078451   -363.58908676   -363.42130471   -363.41481509   -363.37806354   -363.36157317   -363.34615034   -363.34305261   -363.34172257   -363.33591332
      5.50   -363.61064106   -363.58932123   -363.42128032   -363.41472155   -363.37862756   -363.36168786   -363.34599436   -363.34303242   -363.34163931   -363.33591824
      5.52   -363.61049822   -363.58954895   -363.42125323   -363.41463008   -363.37918438   -363.36178911   -363.34584364   -363.34301047   -363.34155544   -363.33592338
      5.54   -363.61035517   -363.58976994   -363.42122300   -363.41453883   -363.37972821   -363.36184364   -363.34569683   -363.34298653   -363.34147025   -363.33592832
      5.56   -363.61021371   -363.58998469   -363.42119076   -363.41445145   -363.38026945   -363.36192015   -363.34555603   -363.34296135   -363.34138559   -363.33593380
      5.58   -363.61007297   -363.59019321   -363.42115602   -363.41436612   -363.38080213   -363.36198569   -363.34541987   -363.34293469   -363.34130080   -363.33593943
      5.60   -363.60993301   -363.59039565   -363.42111888   -363.41428283   -363.38132601   -363.36204139   -363.34528812   -363.34290663   -363.34121597   -363.33594519
      5.62   -363.60979384   -363.59059217   -363.42107943   -363.41420155   -363.38184082   -363.36208722   -363.34516063   -363.34287728   -363.34113124   -363.33595107
      5.64   -363.60965486   -363.59078274   -363.42103647   -363.41412049   -363.38234408   -363.36210765   -363.34503644   -363.34284562   -363.34104564   -363.33595669
      5.66   -363.60951717   -363.59096778   -363.42099257   -363.41404511   -363.38283924   -363.36209510   -363.34491708   -363.34281366   -363.34096219   -363.33596295
      5.68   -363.60938057   -363.59114746   -363.42094661   -363.41396976   -363.38332589   -363.36211144   -363.34480131   -363.34278093   -363.34087845   -363.33596914
      5.70   -363.60924488   -363.59132183   -363.42089863   -363.41389629   -363.38380293   -363.36211959   -363.34468910   -363.34274721   -363.34079524   -363.33597540
      5.72   -363.60911013   -363.59149103   -363.42084875   -363.41382470   -363.38427042   -363.36212073   -363.34458033   -363.34271260   -363.34071262   -363.33598174
      5.74   -363.60897633   -363.59165519   -363.42079702   -363.41375492   -363.38472827   -363.36211450   -363.34447480   -363.34267712   -363.34063069   -363.33598814
      5.76   -363.60884292   -363.59181434   -363.42074264   -363.41368673   -363.38517384   -363.36209140   -363.34437221   -363.34264063   -363.34054921   -363.33599421
      5.78   -363.60871111   -363.59196883   -363.42068749   -363.41362052   -363.38561255   -363.36207179   -363.34427285   -363.34260371   -363.34046887   -363.33600073
      5.80   -363.60858030   -363.59211869   -363.42063074   -363.41355603   -363.38604174   -363.36204594   -363.34417637   -363.34256613   -363.34038941   -363.33600727
      5.82   -363.60845052   -363.59226404   -363.42057247   -363.41349322   -363.38646146   -363.36201424   -363.34408264   -363.34252795   -363.34031087   -363.33601385
      5.84   -363.60832177   -363.59240500   -363.42051275   -363.41343205   -363.38687179   -363.36197674   -363.34399156   -363.34248924   -363.34023331   -363.33602043
      5.86   -363.60819281   -363.59254147   -363.42045023   -363.41337180   -363.38726672   -363.36185960   -363.34390217   -363.34244905   -363.34015619   -363.33602685
      5.88   -363.60806617   -363.59267401   -363.42038784   -363.41331383   -363.38765854   -363.36180887   -363.34381609   -363.34240940   -363.34008072   -363.33603349
      5.90   -363.60793991   -363.59280239   -363.42032334   -363.41325715   -363.38803922   -363.36172322   -363.34373197   -363.34236806   -363.34000616   -363.33603999
      5.92   -363.60781543   -363.59292698   -363.42025860   -363.41320223   -363.38841289   -363.36166146   -363.34365047   -363.34232766   -363.33993290   -363.33604664
      5.94   -363.60769205   -363.59304776   -363.42019278   -363.41314878   -363.38877765   -363.36159485   -363.34357113   -363.34228697   -363.33986078   -363.33605328
      5.96   -363.60756978   -363.59316483   -363.42012595   -363.41309677   -363.38913364   -363.36152354   -363.34349383   -363.34224597   -363.33978982   -363.33605990
      5.98   -363.60744881   -363.59327830   -363.42005818   -363.41304599   -363.38948139   -363.36144862   -363.34341854   -363.34220490   -363.33972002   -363.33606652
      6.00   -363.60732878   -363.59338827   -363.41998954   -363.41299676   -363.38982021   -363.36136852   -363.34334513   -363.34216347   -363.33965142   -363.33607312
      6.02   -363.60720986   -363.59349483   -363.41992010   -363.41294887   -363.39015063   -363.36128416   -363.34327356   -363.34212187   -363.33958401   -363.33607969
      6.04   -363.60709206   -363.59359809   -363.41984991   -363.41290228   -363.39047278   -363.36119565   -363.34320374   -363.34208014   -363.33951780   -363.33608625
      6.06   -363.60697540   -363.59369814   -363.41977904   -363.41285696   -363.39078677   -363.36110310   -363.34313562   -363.34203830   -363.33945280   -363.33609277
      6.08   -363.60685986   -363.59379507   -363.41970755   -363.41281288   -363.39109276   -363.36100659   -363.34306911   -363.34199639   -363.33938898   -363.33609927
      6.10   -363.60674545   -363.59388896   -363.41963548   -363.41277002   -363.39139085   -363.36090631   -363.34300417   -363.34195443   -363.33932639   -363.33610573
      6.12   -363.60663217   -363.59397991   -363.41956289   -363.41272833   -363.39168119   -363.36080222   -363.34294072   -363.34191244   -363.33926501   -363.33611216
      6.14   -363.60652003   -363.59406800   -363.41948984   -363.41268779   -363.39196392   -363.36069449   -363.34287872   -363.34187046   -363.33920483   -363.33611855
      6.16   -363.60640901   -363.59415331   -363.41941640   -363.41264837   -363.39223917   -363.36058317   -363.34281811   -363.34182851   -363.33914583   -363.33612491
      6.18   -363.60629913   -363.59423593   -363.41934262   -363.41261005   -363.39250708   -363.36046816   -363.34275882   -363.34178656   -363.33908802   -363.33613122
      6.20   -363.60619038   -363.59431592   -363.41926853   -363.41257279   -363.39276773   -363.36034993   -363.34270082   -363.34174472   -363.33903139   -363.33613748
      6.22   -363.60608275   -363.59439337   -363.41919419   -363.41253657   -363.39302131   -363.36022830   -363.34264405   -363.34170297   -363.33897592   -363.33614371
      6.24   -363.60597624   -363.59446835   -363.41911964   -363.41250136   -363.39326794   -363.36010340   -363.34258847   -363.34166133   -363.33892161   -363.33614990
      6.26   -363.60587086   -363.59454093   -363.41904493   -363.41246712   -363.39350771   -363.35997528   -363.34253402   -363.34161980   -363.33886843   -363.33615605
      6.28   -363.60576659   -363.59461117   -363.41897012   -363.41243385   -363.39374085   -363.35984407   -363.34248066   -363.34157842   -363.33881639   -363.33616214
      6.30   -363.60566344   -363.59467916   -363.41889523   -363.41240150   -363.39396737   -363.35970961   -363.34242836   -363.34153718   -363.33876546   -363.33616819
      6.32   -363.60556101   -363.59474482   -363.41881968   -363.41236941   -363.39418567   -363.35953991   -363.34237661   -363.34149564   -363.33871537   -363.33617402
      6.34   -363.60546006   -363.59480849   -363.41874478   -363.41233886   -363.39439941   -363.35939869   -363.34232628   -363.34145472   -363.33866661   -363.33617998
      6.36   -363.60536023   -363.59487008   -363.41866990   -363.41230867   -363.39460702   -363.35926257   -363.34227687   -363.34141400   -363.33861870   -363.33618586
      6.38   -363.60526148   -363.59492967   -363.41859513   -363.41227981   -363.39480847   -363.35911558   -363.34222838   -363.34137348   -363.33857206   -363.33619171
      6.40   -363.60516382   -363.59498731   -363.41852049   -363.41225177   -363.39500398   -363.35896579   -363.34218075   -363.34133317   -363.33852645   -363.33619752
      6.42   -363.60506724   -363.59504306   -363.41844600   -363.41222452   -363.39519364   -363.35881317   -363.34213394   -363.34129308   -363.33848187   -363.33620327
      6.44   -363.60497139   -363.59509688   -363.41837126   -363.41219796   -363.39537590   -363.35864467   -363.34208770   -363.34125122   -363.33843812   -363.33620896
      6.46   -363.60487695   -363.59514901   -363.41829718   -363.41217224   -363.39555422   -363.35848627   -363.34204247   -363.34121155   -363.33839552   -363.33621461
      6.48   -363.60478357   -363.59519942   -363.41822336   -363.41214725   -363.39572704   -363.35832511   -363.34199798   -363.34117210   -363.33835390   -363.33622021
      6.50   -363.60469124   -363.59524815   -363.41814982   -363.41212297   -363.39589447   -363.35816123   -363.34195419   -363.34113291   -363.33831322   -363.33622575
      6.52   -363.60459995   -363.59529526   -363.41807659   -363.41209939   -363.39605663   -363.35799470   -363.34191108   -363.34109397   -363.33827348   -363.33623125
      6.54   -363.60450966   -363.59534085   -363.41800379   -363.41207170   -363.39621367   -363.35783650   -363.34186856   -363.34105746   -363.33823257   -363.33623635
      6.56   -363.60442043   -363.59538484   -363.41793126   -363.41204947   -363.39636560   -363.35766505   -363.34182674   -363.34101907   -363.33819463   -363.33624175
      6.58   -363.60433223   -363.59542730   -363.41785884   -363.41203253   -363.39651215   -363.35748418   -363.34178561   -363.34097835   -363.33815962   -363.33624741
      6.60   -363.60424466   -363.59546835   -363.41778673   -363.41200680   -363.39665261   -363.35730269   -363.34174474   -363.34094041   -363.33812123   -363.33625236
      6.62   -363.60415847   -363.59550802   -363.41771540   -363.41198643   -363.39678999   -363.35712336   -363.34170469   -363.34090277   -363.33808587   -363.33625759
      6.64   -363.60407327   -363.59554634   -363.41764452   -363.41196665   -363.39692255   -363.35693985   -363.34166519   -363.34086487   -363.33805133   -363.33626277
      6.66   -363.60398906   -363.59558334   -363.41757413   -363.41194745   -363.39705075   -363.35675563   -363.34162622   -363.34082780   -363.33801763   -363.33626790
      6.68   -363.60390583   -363.59561907   -363.41750419   -363.41192880   -363.39717452   -363.35656872   -363.34158775   -363.34079101   -363.33798473   -363.33627298
      6.70   -363.60382329   -363.59565355   -363.41743391   -363.41191085   -363.39728985   -363.35636552   -363.34154956   -363.34075484   -363.33795250   -363.33627797
      6.72   -363.60374226   -363.59568687   -363.41736598   -363.41189320   -363.39740962   -363.35618711   -363.34151226   -363.34071934   -363.33792129   -363.33628297
      6.74   -363.60366157   -363.59571898   -363.41729652   -363.41187593   -363.39751557   -363.35598113   -363.34147498   -363.34068173   -363.33789032   -363.33628783
      6.76   -363.60358216   -363.59574999   -363.41722872   -363.41185937   -363.39762248   -363.35578471   -363.34143837   -363.34064601   -363.33786045   -363.33629270
      6.78   -363.60350368   -363.59577990   -363.41716148   -363.41184329   -363.39772538   -363.35558600   -363.34140219   -363.34061050   -363.33783129   -363.33629752
      6.80   -363.60342611   -363.59580876   -363.41709470   -363.41182764   -363.39782406   -363.35538718   -363.34136641   -363.34057481   -363.33780281   -363.33630228
      6.82   -363.60334945   -363.59583659   -363.41702862   -363.41181250   -363.39791929   -363.35518335   -363.34133104   -363.34053987   -363.33777503   -363.33630700
      6.84   -363.60327348   -363.59586335   -363.41696155   -363.41179773   -363.39800781   -363.35494941   -363.34129590   -363.34050514   -363.33774783   -363.33631164
      6.86   -363.60319861   -363.59588922   -363.41689670   -363.41178347   -363.39809570   -363.35474017   -363.34126130   -363.34047080   -363.33772138   -363.33631626
      6.88   -363.60312463   -363.59591416   -363.41683241   -363.41176963   -363.39818008   -363.35453026   -363.34122706   -363.34043659   -363.33769558   -363.33632083
      6.90   -363.60305152   -363.59593818   -363.41676877   -363.41175620   -363.39826098   -363.35431751   -363.34119318   -363.34040269   -363.33767039   -363.33632535
      6.92   -363.60297927   -363.59596133   -363.41670569   -363.41174318   -363.39833844   -363.35410215   -363.34115965   -363.34036906   -363.33764584   -363.33632983
      6.94   -363.60290787   -363.59598362   -363.41664343   -363.41173054   -363.39841265   -363.35388377   -363.34112643   -363.34033564   -363.33762185   -363.33633425
      6.96   -363.60283732   -363.59600510   -363.41658153   -363.41171828   -363.39848362   -363.35366440   -363.34109354   -363.34030257   -363.33759846   -363.33633862
      6.98   -363.60276760   -363.59602577   -363.41652041   -363.41170639   -363.39855145   -363.35344383   -363.34106098   -363.34026957   -363.33757560   -363.33634295
      7.00   -363.60269871   -363.59604567   -363.41645995   -363.41169485   -363.39861622   -363.35321969   -363.34102872   -363.34023687   -363.33755332   -363.33634723
      7.02   -363.60263058   -363.59606482   -363.41639997   -363.41168282   -363.39867762   -363.35296896   -363.34099674   -363.34020430   -363.33753125   -363.33635142
      7.04   -363.60256331   -363.59608325   -363.41634080   -363.41167197   -363.39873656   -363.35274089   -363.34096507   -363.34017206   -363.33751005   -363.33635561
      7.06   -363.60249684   -363.59610098   -363.41628219   -363.41166145   -363.39879244   -363.35251030   -363.34093370   -363.34014013   -363.33748938   -363.33635976
      7.08   -363.60243115   -363.59611801   -363.41622435   -363.41165125   -363.39884574   -363.35227775   -363.34090260   -363.34010833   -363.33746924   -363.33636387
      7.10   -363.60236625   -363.59613439   -363.41616710   -363.41164171   -363.39889618   -363.35203973   -363.34087178   -363.34007675   -363.33744975   -363.33636796
      7.12   -363.60230212   -363.59615013   -363.41611051   -363.41163213   -363.39894407   -363.35180365   -363.34084121   -363.34004550   -363.33743056   -363.33637197
      7.14   -363.60223731   -363.59616505   -363.41604983   -363.41162268   -363.39897991   -363.35149241   -363.34081084   -363.34001099   -363.33741165   -363.33637593
      7.16   -363.60217404   -363.59617951   -363.41599327   -363.41161364   -363.39901848   -363.35124422   -363.34078052   -363.33997969   -363.33739332   -363.33637980
      7.18   -363.60211215   -363.59619347   -363.41593875   -363.41160492   -363.39905877   -363.35100455   -363.34075073   -363.33994911   -363.33737552   -363.33638369
      7.20   -363.60205152   -363.59620688   -363.41588548   -363.41159649   -363.39910030   -363.35076978   -363.34072118   -363.33991884   -363.33735818   -363.33638756
      7.22   -363.60199107   -363.59621973   -363.41583215   -363.41158831   -363.39913578   -363.35052201   -363.34069189   -363.33988857   -363.33734126   -363.33639140
      7.24   -363.60193133   -363.59623204   -363.41577944   -363.41158039   -363.39916913   -363.35027444   -363.34066281   -363.33985856   -363.33732474   -363.33639516
      7.26   -363.60187232   -363.59624386   -363.41572732   -363.41157270   -363.39920023   -363.35002301   -363.34063399   -363.33982871   -363.33730862   -363.33639891
      7.28   -363.60181346   -363.59625516   -363.41567503   -363.41156525   -363.39922554   -363.34976287   -363.34060538   -363.33979899   -363.33729292   -363.33640262
      7.30   -363.60175584   -363.59626600   -363.41562425   -363.41155804   -363.39925250   -363.34950968   -363.34057699   -363.33976949   -363.33727761   -363.33640629
      7.32   -363.60169890   -363.59627640   -363.41557417   -363.41155108   -363.39927746   -363.34925677   -363.34054883   -363.33974037   -363.33726269   -363.33640993
      7.34   -363.60164266   -363.59628634   -363.41552455   -363.41154435   -363.39930040   -363.34900199   -363.34052090   -363.33971150   -363.33724813   -363.33641353
      7.36   -363.60158706   -363.59629587   -363.41547566   -363.41153783   -363.39932148   -363.34874746   -363.34049316   -363.33968272   -363.33723397   -363.33641710
      7.38   -363.60153217   -363.59630496   -363.41542727   -363.41153152   -363.39934059   -363.34849025   -363.34046566   -363.33965412   -363.33722013   -363.33642064
      7.40   -363.60147784   -363.59631368   -363.41537974   -363.41152539   -363.39935805   -363.34822518   -363.34043837   -363.33962571   -363.33720665   -363.33642415
      7.42   -363.60142422   -363.59632197   -363.41533264   -363.41151950   -363.39937364   -363.34796942   -363.34041129   -363.33959763   -363.33719353   -363.33642763
      7.44   -363.60137123   -363.59632994   -363.41528635   -363.41151378   -363.39938779   -363.34770455   -363.34038442   -363.33956962   -363.33718071   -363.33643109
      7.46   -363.60131889   -363.59633754   -363.41524022   -363.41150825   -363.39940007   -363.34744439   -363.34035775   -363.33954179   -363.33716819   -363.33643449
      7.48   -363.60126716   -363.59634478   -363.41519503   -363.41150290   -363.39941085   -363.34718066   -363.34033128   -363.33951432   -363.33715602   -363.33643788
      7.50   -363.60121540   -363.59635167   -363.41514994   -363.41149795   -363.39942017   -363.34681742   -363.34030500   -363.33948804   -363.33714429   -363.33644125
      7.52   -363.60116485   -363.59635826   -363.41510558   -363.41149298   -363.39942796   -363.34655422   -363.34027896   -363.33946080   -363.33713274   -363.33644460
      7.54   -363.60111493   -363.59636454   -363.41506218   -363.41148914   -363.39943437   -363.34628922   -363.34025311   -363.33943377   -363.33712187   -363.33644799
      7.56   -363.60106562   -363.59637053   -363.41501924   -363.41148449   -363.39943923   -363.34602458   -363.34022746   -363.33940690   -363.33711089   -363.33645129
      7.58   -363.60101713   -363.59637623   -363.41497554   -363.41147998   -363.39944103   -363.34579859   -363.34020201   -363.33937859   -363.33710015   -363.33645456
      7.60   -363.60096875   -363.59638163   -363.41493493   -363.41147567   -363.39944492   -363.34548673   -363.34017675   -363.33935413   -363.33708975   -363.33645780
      7.62   -363.60092134   -363.59638678   -363.41489247   -363.41147022   -363.39944283   -363.34525848   -363.34015155   -363.33932602   -363.33707849   -363.33646070
      7.64   -363.60087429   -363.59639171   -363.41485175   -363.41146617   -363.39944262   -363.34498873   -363.34012670   -363.33930008   -363.33706868   -363.33646394
      7.66   -363.60082786   -363.59639633   -363.41481155   -363.41146222   -363.39944087   -363.34471875   -363.34010199   -363.33927427   -363.33705892   -363.33646705
      7.68   -363.60078194   -363.59640073   -363.41477198   -363.41145705   -363.39943693   -363.34444619   -363.34007748   -363.33924846   -363.33704935   -363.33647018
      7.70   -363.60073656   -363.59640492   -363.41473222   -363.41145406   -363.39943128   -363.34416055   -363.34005317   -363.33922300   -363.33704021   -363.33647329
      7.72   -363.60069182   -363.59640890   -363.41469374   -363.41145054   -363.39942854   -363.34389648   -363.34002924   -363.33919774   -363.33703140   -363.33647665
      7.74   -363.60064752   -363.59641266   -363.41465545   -363.41144495   -363.39942088   -363.34362433   -363.34000533   -363.33917278   -363.33702231   -363.33647967
      7.76   -363.60060379   -363.59641622   -363.41461800   -363.41144323   -363.39941439   -363.34335354   -363.33998164   -363.33914774   -363.33701376   -363.33648276
      7.78   -363.60056057   -363.59641952   -363.41456790   -363.41143943   -363.39938640   -363.34305479   -363.33995792   -363.33912039   -363.33700457   -363.33648542
      7.80   -363.60051795   -363.59642270   -363.41453157   -363.41143635   -363.39937753   -363.34278457   -363.33993461   -363.33909584   -363.33699656   -363.33648848
      7.82   -363.60047574   -363.59642571   -363.41449556   -363.41143254   -363.39936721   -363.34251440   -363.33991150   -363.33907131   -363.33698972   -363.33649169
      7.84   -363.60043302   -363.59642821   -363.41445954   -363.41143015   -363.39935363   -363.34221067   -363.33988861   -363.33904681   -363.33698238   -363.33649477
      7.86   -363.60039189   -363.59643089   -363.41442424   -363.41142752   -363.39934218   -363.34194038   -363.33986586   -363.33902299   -363.33697503   -363.33649779
      7.88   -363.60035135   -363.59643356   -363.41438917   -363.41142452   -363.39933015   -363.34167707   -363.33984350   -363.33899927   -363.33696764   -363.33650102
      7.90   -363.60031114   -363.59643591   -363.41435510   -363.41142209   -363.39931528   -363.34140219   -363.33982092   -363.33897597   -363.33696061   -363.33650371
      7.92   -363.60027150   -363.59643818   -363.41432130   -363.41141973   -363.39930146   -363.34113698   -363.33979876   -363.33895259   -363.33695379   -363.33650667
      7.94   -363.60023238   -363.59644033   -363.41428793   -363.41141748   -363.39928693   -363.34087052   -363.33977679   -363.33892946   -363.33694719   -363.33650964
      7.96   -363.60019371   -363.59644232   -363.41425500   -363.41141531   -363.39927171   -363.34060527   -363.33975502   -363.33890658   -363.33694077   -363.33651259
      7.98   -363.60015552   -363.59644420   -363.41422254   -363.41141377   -363.39925604   -363.34034082   -363.33973341   -363.33888383   -363.33693370   -363.33651539
      8.00   -363.60011779   -363.59644597   -363.41419050   -363.41141177   -363.39923953   -363.34007744   -363.33971203   -363.33886129   -363.33692766   -363.33651833
      8.02   -363.60008053   -363.59644762   -363.41415889   -363.41140986   -363.39922242   -363.33981513   -363.33969079   -363.33883894   -363.33692180   -363.33652126
      8.04   -363.60004373   -363.59644917   -363.41412771   -363.41140803   -363.39920473   -363.33966993   -363.33955373   -363.33881677   -363.33691610   -363.33652418
      8.06   -363.60000739   -363.59645063   -363.41409696   -363.41140629   -363.39918648   -363.33964907   -363.33929383   -363.33879475   -363.33691057   -363.33652710
      8.08   -363.59997150   -363.59645198   -363.41406667   -363.41140428   -363.39916759   -363.33962846   -363.33903532   -363.33877279   -363.33690599   -363.33653016
      8.10   -363.59993606   -363.59645326   -363.41403670   -363.41140271   -363.39914831   -363.33960803   -363.33878135   -363.33874723   -363.33690076   -363.33653306
      8.12   -363.59990106   -363.59645446   -363.41400693   -363.41140122   -363.39912863   -363.33958779   -363.33873113   -363.33852153   -363.33689570   -363.33653595
      8.14   -363.59986651   -363.59645556   -363.41397783   -363.41139980   -363.39910838   -363.33956776   -363.33870955   -363.33826613   -363.33689077   -363.33653884
      8.16   -363.59983238   -363.59645660   -363.41394925   -363.41139851   -363.39908766   -363.33954791   -363.33868850   -363.33801295   -363.33688603   -363.33654173
      8.18   -363.59979868   -363.59645756   -363.41392089   -363.41139726   -363.39906658   -363.33952825   -363.33866768   -363.33776158   -363.33688142   -363.33654461
      8.20   -363.59976543   -363.59645846   -363.41389268   -363.41139634   -363.39904512   -363.33950878   -363.33864694   -363.33751146   -363.33687632   -363.33654735     
    8.6000   -363.59918876   -363.59648346   -363.41348980   -363.41138761   -363.39852716   -363.33908088   -363.33835476   -363.33680825   -363.33653981   -363.33265744     
    9.0000   -363.59874141   -363.59648643   -363.41311677   -363.41138481   -363.39797936   -363.33880306   -363.33805823   -363.33676569   -363.33659528   -363.32927832      
    9.4000   -363.59839603   -363.59649143   -363.41282574   -363.41140072   -363.39741148   -363.33858770   -363.33779360   -363.33676483   -363.33665070   -363.32713417    
    9.8000   -363.59813587   -363.59649946   -363.41261684   -363.41142174   -363.39690414   -363.33842145   -363.33761162   -363.33678491   -363.33669252   -363.32597268     
   10.2000   -363.59793580   -363.59651173   -363.41243297   -363.41144760   -363.39643763   -363.33829244   -363.33747237   -363.33682442   -363.33672611   -363.32534833    
   10.6000   -363.59778022   -363.59652551   -363.41230590   -363.41147156   -363.39602541   -363.33819094   -363.33735677   -363.33686871   -363.33674996   -363.32501609     
