  3.0000   -363.28745051   -363.36668166      0.01292808      0.01292808
  3.0200   -363.29179172   -363.36986298      0.01268859      0.01268859
  3.0400   -363.29593719   -363.37284481      0.01245466      0.01245466
  3.0600   -363.29996039   -363.37567170      0.01222153      0.01222153
  3.0800   -363.30385929   -363.37828357      0.01197981      0.01197981
  3.1000   -363.30760793   -363.38077068      0.01174819      0.01174819
  3.1200   -363.31123403   -363.38307369      0.01151256      0.01151256
  3.1400   -363.31476856   -363.38525271      0.01127749      0.01127749
  3.1600   -363.31815127   -363.38727663      0.01104750      0.01104750
  3.1800   -363.32144181   -363.38914710      0.01081315      0.01081315
  3.2000   -363.32464138   -363.39092365      0.01058340      0.01058340
  3.2200   -363.32771725   -363.39254742      0.01034903      0.01034903
  3.2400   -363.33069942   -363.39405111      0.01010579      0.01010579
  3.2600   -363.33355114   -363.39545594      0.00986324      0.00986324
  3.2800   -363.33633599   -363.39673804      0.00960780      0.00960780
  3.3000   -363.33903435   -363.39793570      0.00934912      0.00934912
  3.3200   -363.34164446   -363.39901745      0.00908350      0.00908350
  3.3400   -363.34416277   -363.40000902      0.00881529      0.00881529
  3.3600   -363.34661613   -363.40090842      0.00853941      0.00853941
  3.3800   -363.34897573   -363.40174460      0.00826574      0.00826574
  3.4000   -363.35125362   -363.40244190      0.00798105      0.00798105
  3.4200   -363.35345193   -363.40308965      0.00769931      0.00769931
  3.4400   -363.35560099   -363.40366001      0.00741122      0.00741122
  3.4600   -363.35768684   -363.40413841      0.00711771      0.00711771
  3.4800   -363.35968265   -363.40455593      0.00682841      0.00682841
  3.5000   -363.36164834   -363.40491424      0.00653418      0.00653418
  3.5200   -363.36352278   -363.40518120      0.00623972      0.00623972
  3.5400   -363.36533655   -363.40538722      0.00594529      0.00594529
  3.5600   -363.36711964   -363.40553285      0.00564681      0.00564681
  3.5800   -363.36884161   -363.40558743      0.00534461      0.00534461
  3.6000   -363.37050374   -363.40561064      0.00504749      0.00504749
  3.6200   -363.37210488   -363.40554255      0.00474719      0.00474719
  3.6400   -363.37364558   -363.40541288      0.00444811      0.00444811
  3.6600   -363.37518635   -363.40525265      0.00414627      0.00414627
  3.6800   -363.37663628   -363.40500020      0.00384594      0.00384594
  3.7000   -363.37805595   -363.40468650      0.00354331      0.00354331
  3.7200   -363.37944606   -363.40434153      0.00324256      0.00324256
  3.7400   -363.38080637   -363.40390582      0.00293617      0.00293617
  3.7600   -363.38210703   -363.40343797      0.00263568      0.00263568
  3.7800   -363.38337731   -363.40287827      0.00233002      0.00233002
  3.8000   -363.38461906   -363.40228753      0.00202659      0.00202659
  3.8200   -363.38580132   -363.40163451      0.00172526      0.00172526
  3.8400   -363.38698152   -363.40094621      0.00142285      0.00142285
  3.8600   -363.38809725   -363.40021917      0.00112531      0.00112531
  3.8800   -363.38927438   -363.39948789      0.00082348      0.00082348
  3.9000   -363.39048740   -363.39866383      0.00050970      0.00050970
  3.9200   -363.39165049   -363.39786218      0.00020783      0.00020783
  3.9400   -363.39269845   -363.39699788     -0.00008736     -0.00008736
  3.9600   -363.39371399   -363.39611661     -0.00040104     -0.00040104
  3.9800   -363.39477543   -363.39521360     -0.00065076     -0.00065076
  4.0000   -363.39551370   -363.39414250     -0.00089718     -0.00089718
  4.0200   -363.39638295   -363.39333388     -0.00092898     -0.00092898
  4.0400   -363.39732573   -363.39233334     -0.00103119     -0.00103119
  4.0600   -363.39821372   -363.39125746     -0.00114613     -0.00114613
  4.0800   -363.39909567   -363.39022666     -0.00125308     -0.00125308
  4.1000   -363.39997684   -363.38920552     -0.00135785     -0.00135785
  4.1200   -363.40079512   -363.38812689     -0.00146017     -0.00146017
  4.1400   -363.40156940   -363.38703712     -0.00155671     -0.00155671
  4.1600   -363.40230558   -363.38591116     -0.00165095     -0.00165095
  4.1800   -363.40304116   -363.38481571     -0.00173989     -0.00173989
  4.2000   -363.40374594   -363.38372024     -0.00182386     -0.00182386
  4.2200   -363.40441991   -363.38262453     -0.00190313     -0.00190313
  4.2400   -363.40506316   -363.38152857     -0.00197793     -0.00197793
  4.2600   -363.40570639   -363.38043284     -0.00205089     -0.00205089
  4.2800   -363.40631917   -363.37936708     -0.00211724     -0.00211724
  4.3000   -363.40690149   -363.37830117     -0.00217967     -0.00217967
  4.3200   -363.40748380   -363.37726554     -0.00223844     -0.00223844
  4.3400   -363.40803572   -363.37622983     -0.00229363     -0.00229363
  4.3600   -363.40855715   -363.37519388     -0.00234532     -0.00234532
  4.3800   -363.40904827   -363.37418816     -0.00239164     -0.00239164
  4.4000   -363.40953961   -363.37321297     -0.00243490     -0.00243490
  4.4200   -363.41003099   -363.37223791     -0.00247722     -0.00247722
  4.4400   -363.41049213   -363.37129321     -0.00251469     -0.00251469
  4.4600   -363.41092296   -363.37034855     -0.00254945     -0.00254945
  4.4800   -363.41132253   -363.36946366     -0.00257821     -0.00257821
  4.5000   -363.41172633   -363.36855282     -0.00260830     -0.00260830
  4.5200   -363.41212495   -363.36769788     -0.00263585     -0.00263585
  4.5400   -363.41249589   -363.36684566     -0.00266121     -0.00266121
  4.5600   -363.41283584   -363.36602273     -0.00268069     -0.00268069
  4.5800   -363.41318065   -363.36523508     -0.00269806     -0.00269806
  4.6000   -363.41349402   -363.36447674     -0.00271164     -0.00271164
  4.6200   -363.41380641   -363.36371749     -0.00272481     -0.00272481
  4.6400   -363.41408727   -363.36298744     -0.00273416     -0.00273416
  4.6600   -363.41436815   -363.36228779     -0.00274127     -0.00274127
  4.6800   -363.41461788   -363.36161766     -0.00274442     -0.00274442
  4.7000   -363.41486746   -363.36100807     -0.00274347     -0.00274347
  4.7200   -363.41508632   -363.36042845     -0.00273860     -0.00273860
  4.7400   -363.41530359   -363.35996907     -0.00272880     -0.00272880
  4.7600   -363.41552419   -363.35981915     -0.00271582     -0.00271582
  4.7800   -363.41574086   -363.36006131     -0.00268915     -0.00268915
  4.8000   -363.41592897   -363.36057779     -0.00264303     -0.00264303
  4.8200   -363.41611651   -363.36109642     -0.00261085     -0.00261085
  4.8400   -363.41623931   -363.36158253     -0.00258689     -0.00258689
  4.8600   -363.41636161   -363.36200605     -0.00255877     -0.00255877
  4.8800   -363.41648627   -363.36246165     -0.00252559     -0.00252559
  4.9000   -363.41658051   -363.36288692     -0.00249275     -0.00249275
  4.9200   -363.41667503   -363.36331367     -0.00246628     -0.00246628
  4.9400   -363.41680157   -363.36376910     -0.00242156     -0.00242156
  4.9600   -363.41699504   -363.36428116     -0.00231869     -0.00231869
  4.9800   -363.41707018   -363.36473861     -0.00222680     -0.00222680
  5.0000   -363.41704356   -363.36519617     -0.00219228     -0.00219228
  5.0200   -363.41698329   -363.36562176     -0.00216769     -0.00216769
  5.0400   -363.41692386   -363.36604751     -0.00213905     -0.00213905
  5.0600   -363.41686470   -363.36650385     -0.00210851     -0.00210851
  5.0800   -363.41677496   -363.36696008     -0.00207700     -0.00207700
  5.1000   -363.41665476   -363.36741639     -0.00204495     -0.00204495
  5.1200   -363.41656497   -363.36790326     -0.00201387     -0.00201387
  5.1400   -363.41647511   -363.36839019     -0.00198347     -0.00198347
  5.1600   -363.41635492   -363.36890771     -0.00195117     -0.00195117
  5.1800   -363.41623443   -363.36942506     -0.00191956     -0.00191956
  5.2000   -363.41614435   -363.36994252     -0.00188989     -0.00188989
  5.2200   -363.41602380   -363.37049044     -0.00185837     -0.00185837
  5.2400   -363.41590324   -363.37106882     -0.00182593     -0.00182593
  5.2600   -363.41578263   -363.37161676     -0.00179487     -0.00179487
  5.2800   -363.41569252   -363.37219523     -0.00176396     -0.00176396
  5.3000   -363.41557202   -363.37277379     -0.00173219     -0.00173219
  5.3200   -363.41548184   -363.37335231     -0.00170206     -0.00170206
  5.3400   -363.41536120   -363.37396119     -0.00166931     -0.00166931
  5.3600   -363.41524060   -363.37453967     -0.00163769     -0.00163769
  5.3800   -363.41515041   -363.37511809     -0.00160693     -0.00160693
  5.4000   -363.41506042   -363.37572712     -0.00157489     -0.00157489
  5.4200   -363.41493980   -363.37630560     -0.00154336     -0.00154336
  5.4400   -363.41484959   -363.37688403     -0.00151281     -0.00151281
  5.4600   -363.41475950   -363.37746262     -0.00148247     -0.00148247
  5.4800   -363.41466918   -363.37801062     -0.00145368     -0.00145368
  5.5000   -363.41457902   -363.37858917     -0.00142350     -0.00142350
  5.5200   -363.41448873   -363.37913714     -0.00139438     -0.00139438
  5.5400   -363.41439859   -363.37968531     -0.00136550     -0.00136550
  5.5600   -363.41430827   -363.38023333     -0.00133686     -0.00133686
  5.5800   -363.41421800   -363.38075098     -0.00130940     -0.00130940
  5.6000   -363.41412768   -363.38126854     -0.00128171     -0.00128171
  5.6200   -363.41406795   -363.38178622     -0.00125487     -0.00125487
  5.6400   -363.41397759   -363.38230369     -0.00122679     -0.00122679
  5.6600   -363.41388741   -363.38279092     -0.00119996     -0.00119996
  5.6800   -363.41382748   -363.38327798     -0.00117423     -0.00117423
  5.7000   -363.41376774   -363.38373476     -0.00114947     -0.00114947
  5.7200   -363.41367736   -363.38422176     -0.00112239     -0.00112239
  5.7400   -363.41361742   -363.38467834     -0.00109753     -0.00109753
  5.7600   -363.41355774   -363.38510475     -0.00107385     -0.00107385
  5.7800   -363.41349800   -363.38556157     -0.00104915     -0.00104915
  5.8000   -363.41340740   -363.38598751     -0.00102444     -0.00102444
  5.8200   -363.41334768   -363.38641392     -0.00100091     -0.00100091
  5.8400   -363.41328793   -363.38680988     -0.00097856     -0.00097856
  5.8600   -363.41322819   -363.38720585     -0.00095622     -0.00095622
  5.8800   -363.41316724   -363.38760063     -0.00093397     -0.00093397
  5.9000   -363.41313743   -363.38796569     -0.00091399     -0.00091399
  5.9200   -363.41307768   -363.38836169     -0.00089186     -0.00089186
  5.9400   -363.41301752   -363.38869642     -0.00087194     -0.00087194
  5.9600   -363.41295779   -363.38906203     -0.00085096     -0.00085096
  5.9800   -363.41292856   -363.38942771     -0.00083113     -0.00083113
  6.0000   -363.41286881   -363.38976288     -0.00081137     -0.00081137
  6.0200   -363.41283952   -363.39006766     -0.00079380     -0.00079380
  6.0400   -363.41277979   -363.39040288     -0.00077419     -0.00077419
  6.0600   -363.41272006   -363.39070768     -0.00075569     -0.00075569
  6.0800   -363.41269080   -363.39101252     -0.00073829     -0.00073829
  6.1000   -363.41266020   -363.39131603     -0.00072095     -0.00072095
  6.1200   -363.41260049   -363.39162090     -0.00070267     -0.00070267
  6.1400   -363.41257125   -363.39189536     -0.00068650     -0.00068650
  6.1600   -363.41254068   -363.39216850     -0.00067038     -0.00067038
  6.1800   -363.41247985   -363.39244185     -0.00065333     -0.00065333
  6.2000   -363.41245065   -363.39268594     -0.00063835     -0.00063835
  6.2200   -363.41242146   -363.39296051     -0.00062246     -0.00062246
  6.2400   -363.41239230   -363.39320468     -0.00060762     -0.00060762
  6.2600   -363.41236308   -363.39341834     -0.00059381     -0.00059381
  6.2800   -363.41233302   -363.39366164     -0.00057913     -0.00057913
  6.3000   -363.41230391   -363.39390591     -0.00056454     -0.00056454
  6.3200   -363.41227480   -363.39411973     -0.00055096     -0.00055096
  6.3400   -363.41224570   -363.39433360     -0.00053747     -0.00053747
  6.3600   -363.41221659   -363.39451699     -0.00052497     -0.00052497
  6.3800   -363.41218676   -363.39473016     -0.00051163     -0.00051163
  6.4000   -363.41215768   -363.39491362     -0.00049926     -0.00049926
  6.4200   -363.41212858   -363.39512755     -0.00048609     -0.00048609
  6.4400   -363.41209955   -363.39531110     -0.00047388     -0.00047388
  6.4600   -363.41206766   -363.39549181     -0.00046177     -0.00046177
  6.4800   -363.41203800   -363.39564430     -0.00045056     -0.00045056
  6.5000   -363.41200845   -363.39582737     -0.00043856     -0.00043856
  6.5200   -363.41201000   -363.39598062     -0.00042828     -0.00042828
  6.5400   -363.41198079   -363.39613361     -0.00041726     -0.00041726
  6.5600   -363.41196132   -363.39629636     -0.00040637     -0.00040637
  6.5800   -363.41193239   -363.39644966     -0.00039561     -0.00039561
  6.6000   -363.41193395   -363.39660301     -0.00038574     -0.00038574
  6.6200   -363.41190502   -363.39672588     -0.00037596     -0.00037596
  6.6400   -363.41187593   -363.39684862     -0.00036627     -0.00036627
  6.6600   -363.41187733   -363.39700185     -0.00035669     -0.00035669
  6.6800   -363.41184841   -363.39712479     -0.00034721     -0.00034721
  6.7000   -363.41181949   -363.39721726     -0.00033854     -0.00033854
  6.7200   -363.41181982   -363.39733901     -0.00032994     -0.00032994
  6.7400   -363.41178952   -363.39746062     -0.00032075     -0.00032075
  6.7600   -363.41179067   -363.39755272     -0.00031300     -0.00031300
  6.7800   -363.41176179   -363.39767579     -0.00030399     -0.00030399
  6.8000   -363.41176341   -363.39776839     -0.00029639     -0.00029639
  6.8200   -363.41173450   -363.39786098     -0.00028824     -0.00028824
  6.8400   -363.41173227   -363.39794977     -0.00028080     -0.00028080
  6.8600   -363.41170361   -363.39804264     -0.00027289     -0.00027289
  6.8800   -363.41170499   -363.39813507     -0.00026567     -0.00026567
  6.9000   -363.41167608   -363.39819722     -0.00025849     -0.00025849
  6.9200   -363.41167769   -363.39828991     -0.00025139     -0.00025139
  6.9400   -363.41167926   -363.39835208     -0.00024495     -0.00024495
  6.9600   -363.41165033   -363.39844476     -0.00023748     -0.00023748
  6.9800   -363.41165066   -363.39850572     -0.00023117     -0.00023117
  7.0000   -363.41162196   -363.39856816     -0.00022441     -0.00022441
  7.0200   -363.41162378   -363.39863063     -0.00021830     -0.00021830
  7.0400   -363.41162530   -363.39869281     -0.00021227     -0.00021227
  7.0600   -363.41159635   -363.39875504     -0.00020579     -0.00020579
  7.0800   -363.41159786   -363.39878675     -0.00020036     -0.00020036
  7.1000   -363.41159936   -363.39884895     -0.00019452     -0.00019452
  7.1200   -363.41157081   -363.39891162     -0.00018832     -0.00018832
  7.1400   -363.41157228   -363.39894331     -0.00018311     -0.00018311
  7.1600   -363.41157371   -363.39897498     -0.00017796     -0.00017796
  7.1800   -363.41154522   -363.39900724     -0.00017246     -0.00017246
  7.2000   -363.41154697   -363.39906975     -0.00016706     -0.00016706
  7.2200   -363.41154826   -363.39910131     -0.00016211     -0.00016211
  7.2400   -363.41154889   -363.39913222     -0.00015734     -0.00015734
  7.2600   -363.41151953   -363.39916366     -0.00015229     -0.00015229
  7.2800   -363.41152082   -363.39919526     -0.00014754     -0.00014754
  7.3000   -363.41152235   -363.39922709     -0.00014291     -0.00014291
  7.3200   -363.41152357   -363.39925862     -0.00013838     -0.00013838
  7.3400   -363.41149360   -363.39925899     -0.00013402     -0.00013402
  7.3600   -363.41149460   -363.39929033     -0.00012975     -0.00012975
  7.3800   -363.41149564   -363.39932171     -0.00012539     -0.00012539
  7.4000   -363.41149703   -363.39932294     -0.00012137     -0.00012137
  7.4200   -363.41149835   -363.39935462     -0.00011718     -0.00011718
  7.4400   -363.41146878   -363.39935541     -0.00011300     -0.00011300
  7.4600   -363.41147010   -363.39938710     -0.00010885     -0.00010885
  7.4800   -363.41147114   -363.39938801     -0.00010508     -0.00010508
  7.5000   -363.41147285   -363.39938959     -0.00010138     -0.00010138
  7.5200   -363.41147384   -363.39939046     -0.00009773     -0.00009773
  7.5400   -363.41147474   -363.39942175     -0.00009382     -0.00009382
  7.5600   -363.41147534   -363.39942225     -0.00009020     -0.00009020
  7.5800   -363.41144575   -363.39942307     -0.00008647     -0.00008647
  7.6000   -363.41144690   -363.39942412     -0.00008303     -0.00008303
  7.6200   -363.41144772   -363.39942485     -0.00007963     -0.00007963
  7.6400   -363.41144858   -363.39942562     -0.00007627     -0.00007627
  7.6600   -363.41144942   -363.39942639     -0.00007300     -0.00007300
  7.6800   -363.41145022   -363.39942711     -0.00006976     -0.00006976
  7.7000   -363.41145100   -363.39942781     -0.00006657     -0.00006657
  7.7200   -363.41142124   -363.39939794     -0.00006120     -0.00006120
  7.7400   -363.41142480   -363.39940140     -0.00005593     -0.00005593
  7.7600   -363.41142573   -363.39940227     -0.00005297     -0.00005297
  7.7800   -363.41142642   -363.39937239     -0.00005014     -0.00005014
  7.8000   -363.41142904   -363.39937496     -0.00004721     -0.00004721
  7.8200   -363.41143040   -363.39934578     -0.00004515     -0.00004515
  7.8400   -363.41143031   -363.39934566     -0.00004312     -0.00004312
  7.8600   -363.41143087   -363.39934619     -0.00004050     -0.00004050
  7.8800   -363.41143136   -363.39931612     -0.00003789     -0.00003789
  7.9000   -363.41140141   -363.39931666     -0.00003508     -0.00003508
  7.9200   -363.41140175   -363.39928645     -0.00003259     -0.00003259
  7.9400   -363.41140226   -363.39928694     -0.00003008     -0.00003008
  7.9600   -363.41140287   -363.39925700     -0.00002764     -0.00002764
  7.9800   -363.41140336   -363.39925747     -0.00002518     -0.00002518
  8.0000   -363.41140392   -363.39922749     -0.00002280     -0.00002280
  8.0200   -363.41140442   -363.39922797     -0.00002039     -0.00002039
  8.0400   -363.41140505   -363.39919807     -0.00001809     -0.00001809
  8.0600   -363.41140517   -363.39919818     -0.00001599     -0.00001599
  8.0800   -363.41140499   -363.39916747     -0.00001354     -0.00001354
  8.1000   -363.41140514   -363.39913709     -0.00001022     -0.00001022
  8.1200   -363.41140652   -363.39913846     -0.00000756     -0.00000756
  8.1400   -363.41140659   -363.39910801     -0.00000569     -0.00000569
  8.1600   -363.41140694   -363.39907784     -0.00000365     -0.00000365
  8.1800   -363.41140737   -363.39907827     -0.00000167     -0.00000167
  8.2000   -363.41140747   -363.39904785      0.00000000      0.00000000
  8.6000   -363.41138761   -363.39852716     -0.00000167     -0.00000167
  9.0000   -363.41138481   -363.39797936     -0.00000167     -0.00000167
  9.4000   -363.41140072   -363.39741148     -0.00000167     -0.00000167
  9.8000   -363.41142174   -363.39690414     -0.00000167     -0.00000167
  10.200   -363.41144760   -363.39643763     -0.00000167     -0.00000167

