  3.0000   -363.35230715   -363.34967676      0.01035368      0.01035368
  3.0200   -363.35329059   -363.35220245      0.01036157      0.01036157
  3.0400   -363.35419881   -363.35450860      0.01040521      0.01040521
  3.0600   -363.35503227   -363.35658808      0.01048435      0.01048435
  3.0800   -363.35580224   -363.35843043      0.01058450      0.01058450
  3.1000   -363.35655407   -363.36006076      0.01070624      0.01070624
  3.1200   -363.35726267   -363.36144611      0.01083185      0.01083185
  3.1400   -363.35798262   -363.36263044      0.01094046      0.01094046
  3.1600   -363.35868426   -363.36358624      0.01103777      0.01103777
  3.1800   -363.35935233   -363.36438668      0.01111675      0.01111675
  3.2000   -363.35993716   -363.36506185      0.01093411      0.01093411
  3.2200   -363.36044048   -363.36579950      0.01078024      0.01078024
  3.2400   -363.36090590   -363.36650033      0.01051364      0.01051364
  3.2600   -363.36109703   -363.36691994      0.01021311      0.01021311
  3.2800   -363.36161637   -363.36759891      0.00982372      0.00982372
  3.3000   -363.36210875   -363.36817200      0.00936325      0.00936325
  3.3200   -363.36257321   -363.36867083      0.00889111      0.00889111
  3.3400   -363.36293933   -363.36901737      0.00839304      0.00839304
  3.3600   -363.36319740   -363.36922723      0.00788102      0.00788102
  3.3800   -363.36347707   -363.36941954      0.00735716      0.00735716
  3.4000   -363.36372382   -363.36956858      0.00686536      0.00686536
  3.4200   -363.36396279   -363.36968237      0.00635980      0.00635980
  3.4400   -363.36418990   -363.36978250      0.00586797      0.00586797
  3.4600   -363.36439694   -363.36986422      0.00538870      0.00538870
  3.4800   -363.36461413   -363.36994464      0.00490763      0.00490763
  3.5000   -363.36479755   -363.37003909      0.00447730      0.00447730
  3.5200   -363.36500253   -363.37016387      0.00405491      0.00405491
  3.5400   -363.36519718   -363.37030398      0.00365128      0.00365128
  3.5600   -363.36538134   -363.37045947      0.00326376      0.00326376
  3.5800   -363.36562339   -363.37067764      0.00287783      0.00287783
  3.6000   -363.36583081   -363.37090237      0.00251365      0.00251365
  3.6200   -363.36603207   -363.37113913      0.00215548      0.00215548
  3.6400   -363.36621557   -363.37136849      0.00180058      0.00180058
  3.6600   -363.36643328   -363.37163531      0.00144497      0.00144497
  3.6800   -363.36664097   -363.37191331      0.00109194      0.00109194
  3.7000   -363.36696707   -363.37229239      0.00073340      0.00073340
  3.7200   -363.36722284   -363.37260342      0.00037314      0.00037314
  3.7400   -363.36745312   -363.37288519      0.00000775      0.00000775
  3.7600   -363.36770004   -363.37317468     -0.00036704     -0.00036704
  3.7800   -363.36800822   -363.37345161     -0.00074893     -0.00074893
  3.8000   -363.36842441   -363.37373525     -0.00112497     -0.00112497
  3.8200   -363.36892939   -363.37404118     -0.00149335     -0.00149335
  3.8400   -363.36966758   -363.37438286     -0.00181516     -0.00181516
  3.8600   -363.37063045   -363.37477789     -0.00209100     -0.00209100
  3.8800   -363.37196489   -363.37535303     -0.00229606     -0.00229606
  3.9000   -363.37320723   -363.37570147     -0.00242997     -0.00242997
  3.9200   -363.37454241   -363.37608423     -0.00252469     -0.00252469
  3.9400   -363.37595032   -363.37649784     -0.00256415     -0.00256415
  3.9600   -363.37738080   -363.37693226     -0.00256896     -0.00256896
  3.9800   -363.37875457   -363.37732211     -0.00255659     -0.00255659
  4.0000   -363.38009485   -363.37770242     -0.00252315     -0.00252315
  4.0200   -363.38138088   -363.37804900     -0.00248375     -0.00248375
  4.0400   -363.38261640   -363.37838657     -0.00242754     -0.00242754
  4.0600   -363.38381871   -363.37869885     -0.00237836     -0.00237836
  4.0800   -363.38494991   -363.37897404     -0.00232212     -0.00232212
  4.1000   -363.38603866   -363.37925510     -0.00225700     -0.00225700
  4.1200   -363.38714770   -363.37957062     -0.00219658     -0.00219658
  4.1400   -363.38823751   -363.37987135     -0.00214220     -0.00214220
  4.1600   -363.38920281   -363.38012763     -0.00207523     -0.00207523
  4.1800   -363.39015331   -363.38036326     -0.00201831     -0.00201831
  4.2000   -363.39111598   -363.38059943     -0.00197012     -0.00197012
  4.2200   -363.39200325   -363.38083082     -0.00191441     -0.00191441
  4.2400   -363.39287859   -363.38106223     -0.00186340     -0.00186340
  4.2600   -363.39370823   -363.38125779     -0.00181703     -0.00181703
  4.2800   -363.39450198   -363.38142571     -0.00177540     -0.00177540
  4.3000   -363.39526132   -363.38159586     -0.00173494     -0.00173494
  4.3200   -363.39601617   -363.38176792     -0.00170027     -0.00170027
  4.3400   -363.39670641   -363.38194079     -0.00166557     -0.00166557
  4.3600   -363.39742281   -363.38208586     -0.00164540     -0.00164540
  4.3800   -363.39807562   -363.38220180     -0.00162928     -0.00162928
  4.4000   -363.39872626   -363.38231940     -0.00161975     -0.00161975
  4.4200   -363.39934415   -363.38240761     -0.00161669     -0.00161669
  4.4400   -363.39992996   -363.38249658     -0.00161670     -0.00161670
  4.4600   -363.40051434   -363.38258639     -0.00162171     -0.00162171
  4.4800   -363.40106699   -363.38264640     -0.00163122     -0.00163122
  4.5000   -363.40161838   -363.38267684     -0.00164769     -0.00164769
  4.5200   -363.40210841   -363.38273775     -0.00166060     -0.00166060
  4.5400   -363.40262757   -363.38276920     -0.00168291     -0.00168291
  4.5600   -363.40308506   -363.38277051     -0.00170680     -0.00170680
  4.5800   -363.40357527   -363.38277584     -0.00173726     -0.00173726
  4.6000   -363.40400239   -363.38274952     -0.00176915     -0.00176915
  4.6200   -363.40442757   -363.38272249     -0.00180478     -0.00180478
  4.6400   -363.40485152   -363.38269425     -0.00184042     -0.00184042
  4.8000   -363.40789114   -363.38292552     -0.00195046     -0.00195046
  5.0000   -363.41021942   -363.38059869     -0.00195115     -0.00195115
  5.3000   -363.41169416   -363.37437981     -0.00203931     -0.00203931
  5.3200   -363.41181773   -363.37486677     -0.00201643     -0.00201643
  5.3400   -363.41191075   -363.37538415     -0.00199159     -0.00199159
  5.3600   -363.41200372   -363.37590155     -0.00196708     -0.00196708
  5.3800   -363.41209677   -363.37644937     -0.00194088     -0.00194088
  5.4000   -363.41218984   -363.37699717     -0.00191454     -0.00191454
  5.4200   -363.41225250   -363.37754488     -0.00188645     -0.00188645
  5.4400   -363.41234568   -363.37812310     -0.00185830     -0.00185830
  5.4600   -363.41240835   -363.37867081     -0.00183017     -0.00183017
  5.4800   -363.41247101   -363.37921855     -0.00180217     -0.00180217
  5.5000   -363.41250324   -363.37976622     -0.00177269     -0.00177269
  5.5200   -363.41256590   -363.38031404     -0.00174509     -0.00174509
  5.5400   -363.41259809   -363.38086179     -0.00171616     -0.00171616
  5.5600   -363.41263023   -363.38140957     -0.00168759     -0.00168759
  5.5800   -363.41266222   -363.38192696     -0.00166106     -0.00166106
  5.6000   -363.41266375   -363.38244423     -0.00163295     -0.00163295
  5.6200   -363.41269573   -363.38296154     -0.00160612     -0.00160612
  5.6400   -363.41269732   -363.38347869     -0.00157719     -0.00157719
  5.6600   -363.41269886   -363.38396536     -0.00154945     -0.00154945
  5.6800   -363.41266996   -363.38445184     -0.00151963     -0.00151963
  5.7000   -363.41267127   -363.38493809     -0.00149100     -0.00149100
  5.7200   -363.41264239   -363.38539406     -0.00146197     -0.00146197
  5.7400   -363.41261294   -363.38584938     -0.00143259     -0.00143259
  5.7600   -363.41258357   -363.38630473     -0.00140289     -0.00140289
  5.7800   -363.41255453   -363.38673000     -0.00137456     -0.00137456
  5.8000   -363.41249538   -363.38715547     -0.00134439     -0.00134439
  5.8200   -363.41246641   -363.38758073     -0.00131564     -0.00131564
  5.8400   -363.41240677   -363.38800565     -0.00128516     -0.00128516
  5.8600   -363.41237777   -363.38840050     -0.00125777     -0.00125777
  5.8800   -363.41231851   -363.38879543     -0.00122876     -0.00122876
  5.9000   -363.41225896   -363.38915972     -0.00120132     -0.00120132
  5.9200   -363.41223000   -363.38955460     -0.00117388     -0.00117388
  5.9400   -363.41217035   -363.38988845     -0.00114802     -0.00114802
  5.9600   -363.41211085   -363.39025282     -0.00112064     -0.00112064
  5.9800   -363.41208191   -363.39058704     -0.00109643     -0.00109643
  6.0000   -363.41239401   -363.39335729     -0.00096599     -0.00096599
  6.0200   -363.41233449   -363.39369145     -0.00094096     -0.00094096
  6.0400   -363.41227494   -363.39402563     -0.00091605     -0.00091605
  6.0600   -363.41224619   -363.39432989     -0.00089429     -0.00089429
  6.0800   -363.41218708   -363.39463419     -0.00087112     -0.00087112
  6.1000   -363.41212839   -363.39493927     -0.00084981     -0.00084981
  6.1200   -363.41164392   -363.39594262     -0.00077475     -0.00077475
  6.1400   -363.41158389   -363.39621635     -0.00075668     -0.00075668
  6.1600   -363.41155440   -363.39652059     -0.00073850     -0.00073850
  6.1800   -363.41149443   -363.39679434     -0.00072025     -0.00072025
  6.2000   -363.41146483   -363.39703772     -0.00070493     -0.00070493
  6.2200   -363.41140493   -363.39731168     -0.00068740     -0.00068740
  6.2400   -363.41137511   -363.39755512     -0.00067356     -0.00067356
  6.2600   -363.41134530   -363.39779854     -0.00065959     -0.00065959
  6.2800   -363.41128504   -363.39804188     -0.00064403     -0.00064403
  6.3000   -363.41125517   -363.39825483     -0.00063134     -0.00063134
  6.3200   -363.41122539   -363.39849824     -0.00061709     -0.00061709
  6.3400   -363.41116511   -363.39871112     -0.00060278     -0.00060278
  6.3600   -363.41113533   -363.39892412     -0.00058987     -0.00058987
  6.3800   -363.41110549   -363.39910668     -0.00057835     -0.00057835
  6.4000   -363.41107546   -363.39931941     -0.00056531     -0.00056531
  6.4200   -363.41104567   -363.39950199     -0.00055368     -0.00055368
  6.4400   -363.41101591   -363.39968459     -0.00054199     -0.00054199
  6.4600   -363.41098612   -363.39986715     -0.00053027     -0.00053027
  6.4800   -363.41095583   -363.40004922     -0.00051849     -0.00051849
  6.5000   -363.41092606   -363.40020141     -0.00050813     -0.00050813
  6.5200   -363.41089634   -363.40038402     -0.00049630     -0.00049630
  6.5400   -363.41086663   -363.40053626     -0.00048588     -0.00048588
  6.5600   -363.41083688   -363.40068847     -0.00047544     -0.00047544
  6.5800   -363.41080722   -363.40084075     -0.00046498     -0.00046498
  6.6000   -363.41077661   -363.40096170     -0.00045593     -0.00045593
  6.6200   -363.41074503   -363.40111193     -0.00044469     -0.00044469
  6.6400   -363.41071717   -363.40123550     -0.00043486     -0.00043486
  6.6600   -363.41071809   -363.40138798     -0.00042579     -0.00042579
  6.6800   -363.41068849   -363.40150995     -0.00041671     -0.00041671
  6.7000   -363.41065888   -363.40160151     -0.00040899     -0.00040899
  6.7200   -363.41062929   -363.40172348     -0.00039989     -0.00039989
  6.7400   -363.41063021   -363.40184558     -0.00039216     -0.00039216
  6.7600   -363.41060014   -363.40193669     -0.00038444     -0.00038444
  6.7800   -363.41057063   -363.40202836     -0.00037672     -0.00037672
  6.8000   -363.41057079   -363.40211930     -0.00037034     -0.00037034
  6.8200   -363.41053837   -363.40223847     -0.00036129     -0.00036129
  6.8400   -363.41053947   -363.40233036     -0.00035492     -0.00035492
  6.8600   -363.41051008   -363.40242217     -0.00034726     -0.00034726
  6.8800   -363.41048071   -363.40248360     -0.00034091     -0.00034091
  6.9000   -363.41048182   -363.40257552     -0.00033458     -0.00033458
  6.9200   -363.41045149   -363.40266642     -0.00032699     -0.00032699
  6.9400   -363.41045165   -363.40272698     -0.00032196     -0.00032196
  6.9600   -363.41042245   -363.40281902     -0.00031442     -0.00031442
  6.9800   -363.41042298   -363.40287997     -0.00030942     -0.00030942
  7.0000   -363.41039328   -363.40294111     -0.00030319     -0.00030319
  7.0200   -363.41039414   -363.40300240     -0.00029822     -0.00029822
  7.0400   -363.41039536   -363.40306405     -0.00029327     -0.00029327
  7.0600   -363.41036624   -363.40312580     -0.00028711     -0.00028711
  7.0800   -363.41036762   -363.40318763     -0.00028219     -0.00028219
  7.1000   -363.41033857   -363.40324945     -0.00027610     -0.00027610
  7.1200   -363.41033948   -363.40328040     -0.00027240     -0.00027240
  7.1400   -363.41034093   -363.40334232     -0.00026754     -0.00026754
  7.1600   -363.41031191   -363.40340421     -0.00026156     -0.00026156
  7.1800   -363.41031328   -363.40343562     -0.00025791     -0.00025791
  7.2000   -363.41031474   -363.40346714     -0.00025427     -0.00025427
  7.2200   -363.41028565   -363.40349856     -0.00024953     -0.00024953
  7.2400   -363.41028714   -363.40353012     -0.00024593     -0.00024593
  7.2600   -363.41030033   -363.40357339     -0.00024233     -0.00024233
  7.2800   -363.41027145   -363.40363547     -0.00023659     -0.00023659
  7.3000   -363.41027292   -363.40363660     -0.00023414     -0.00023414
  7.3200   -363.41027304   -363.40366681     -0.00023062     -0.00023062
  7.3400   -363.41027467   -363.40369855     -0.00022714     -0.00022714
  7.3600   -363.41024586   -363.40373030     -0.00022264     -0.00022264
  7.3800   -363.41024733   -363.40373144     -0.00022025     -0.00022025
  7.4000   -363.41024891   -363.40376316     -0.00021685     -0.00021685
  7.4200   -363.41025046   -363.40376439     -0.00021447     -0.00021447
  7.4400   -363.41022148   -363.40379600     -0.00021012     -0.00021012
  7.4600   -363.41022328   -363.40379750     -0.00020779     -0.00020779
  7.4800   -363.41022500   -363.40382938     -0.00020451     -0.00020451
  7.5000   -363.41022644   -363.40383053     -0.00020224     -0.00020224
  7.5200   -363.41022785   -363.40383165     -0.00019999     -0.00019999
  7.5400   -363.41019881   -363.40386325     -0.00019587     -0.00019587
  7.5600   -363.41020018   -363.40386436     -0.00019367     -0.00019367
  7.5800   -363.41020213   -363.40386604     -0.00019150     -0.00019150
  7.6000   -363.41020473   -363.40386838     -0.00018935     -0.00018935
  7.6200   -363.41020603   -363.40386944     -0.00018723     -0.00018723
  7.6400   -363.41020728   -363.40387043     -0.00018512     -0.00018512
  7.6600   -363.41020854   -363.40387145     -0.00018302     -0.00018302
  7.6800   -363.41017930   -363.40387244     -0.00018009     -0.00018009
  7.7000   -363.41018050   -363.40387341     -0.00017806     -0.00017806
  7.7200   -363.41018169   -363.40387438     -0.00017607     -0.00017607
  7.7400   -363.41018285   -363.40387532     -0.00017410     -0.00017410
  7.7600   -363.41018399   -363.40387624     -0.00017216     -0.00017216
  7.7800   -363.41018503   -363.40384660     -0.00017106     -0.00017106
  7.8000   -363.41018634   -363.40384771     -0.00016915     -0.00016915
  7.8200   -363.41016322   -363.40385487     -0.00016648     -0.00016648
  7.8400   -363.41016425   -363.40382523     -0.00016544     -0.00016544
  7.8600   -363.41016530   -363.40382609     -0.00016362     -0.00016362
  7.8800   -363.41016654   -363.40382714     -0.00016185     -0.00016185
  7.9000   -363.41017206   -363.40380201     -0.00016089     -0.00016089
  7.9200   -363.41017299   -363.40380277     -0.00015917     -0.00015917
  7.9400   -363.41017387   -363.40377300     -0.00015823     -0.00015823
  7.9600   -363.41017466   -363.40377362     -0.00015654     -0.00015654
  7.9800   -363.41017537   -363.40374369     -0.00015561     -0.00015561
  8.0000   -363.41017618   -363.40374435     -0.00015400     -0.00015400
  8.5000   -363.41022075   -363.40332814     -0.00012260     -0.00012260
  9.0000   -363.41028039   -363.40268362     -0.00008942     -0.00008942
  9.5000   -363.41033532   -363.40209615     -0.00004833     -0.00004833
 10.0000   -363.41036987   -363.40148926      0.00000000      0.00000000
