      3.00      1.91599090
      3.02      1.77848799
      3.04     -1.58876336
      3.06     -1.37002070
      3.08     -1.10292930
      3.10     -0.83735477
      3.12     -0.58422642
      3.14     -0.34288505
      3.16     -0.11737126
      3.18      0.09091822
      3.20     -0.28480857
      3.22     -0.38682403
      3.24     -0.43379546
      3.26     -0.44986111
      3.28     -0.44367627
      3.30     -0.43390309
      3.32     -0.42672249
      3.34     -0.42639283
      3.36     -0.47231000
      3.38      0.45012035
      3.40     -0.48050276
      3.42     -0.52643803
      3.44      0.57976789
      3.46      0.65838652
      3.48      0.74435874
      3.50     -0.85845422
      3.52     -1.00175261
      3.54     -1.17274498
      3.56     -1.37167182
      3.58      1.60068367
      3.60     -1.85819381
      3.62     -2.13922927
      3.64      2.41625830
      3.66      2.72724142
      3.68      2.99218550
      3.70      3.20427576
      3.72     -3.34339487
      3.74     -3.40492434
      3.76     -3.40232194
      3.78      3.35933000
      3.80     -3.25084549
      3.82     -3.15170760
      3.84     -3.21526450
      3.86     -3.45620201
      3.88     -3.82334862
      3.90     -4.25109004
      3.92     -4.63962286
      3.94     -4.86007769
      3.96     -4.81199598
      3.98     -4.49145188
      4.00     -3.98662946
      4.02     -3.41861131
      4.04     -2.87476009
      4.06     -2.39860161
      4.08     -2.00062818
      4.10     -1.67504107
      4.12     -1.41082486
      4.14     -1.19620595
      4.16     -1.02108911
      4.18     -0.87196982
      4.20     -0.75797511
      4.22     -0.65813747
      4.24     -0.57389386
      4.26     -0.50229963
      4.28     -0.43974699
      4.30     -0.38475656
      4.32     -0.33418772
      4.34     -0.28548172
      4.36     -0.24073732
      4.38     -0.20407712
      4.40     -0.17211741
      4.42     -0.14282496
      4.44     -0.11979236
      4.46     -0.10068817
      4.48     -0.08364841
      4.50     -0.06823753
      4.52     -0.05414780
      4.54     -0.04122579
      4.56     -0.02943261
      4.58     -0.01859383
      4.60     -0.00875947
      4.62      0.00023860
      4.64      0.00838610
      4.80     -0.05175151
      5.00     -0.06830334
      5.20     -0.00541324
      5.22     -0.00265038
      5.24     -0.00188974
      5.26     -0.00181861
      5.28     -0.00212724
      5.30     -0.00232746
      5.32     -0.00252561
      5.34     -0.00264242
      5.36     -0.00258677
      5.38     -0.00243102                         
      5.40     -0.00223501
      5.42     -0.00184816
      5.44     -0.00137399
      5.46     -0.00082437
      5.48     -0.00012277
      5.50      0.00063186
      5.52      0.00141263
      5.54      0.00225513
      5.56      0.00309174
      5.58      0.00403260
      5.60      0.00494994
      5.62      0.00581967
      5.64      0.00665521
      5.66      0.00747801
      5.68      0.00815479
      5.70      0.00894592
      5.72      0.00954873
      5.74      0.01018789
      5.76     -0.01071064
      5.78     -0.01112377
      5.80     -0.01158696
      5.82     -0.01199013
      5.84     -0.01238406
      5.86     -0.01273335
      5.88     -0.01300652
      5.90     -0.01328309
      5.92     -0.01354800
      5.94     -0.01379704
      5.96     -0.01407217
      5.98     -0.01429763
      6.00      0.00449759
      6.02      0.00494803
      6.04      0.00541970
      6.06      0.00608308
      6.08      0.00640501
      6.10      0.00696420
      6.12      0.00156642
      6.14      0.00214168
      6.16      0.00264759
      6.18      0.00315134
      6.20      0.00361107
      6.22      0.00404597
      6.24      0.00443127
      6.26      0.00499531
      6.28      0.00542918
      6.30      0.00581276
      6.32      0.00638347
      6.34      0.00677213
      6.36      0.00722679
      6.38      0.00771747
      6.40      0.00812988
      6.42      0.00859965
      6.44      0.00896845
      6.46      0.00941646
      6.48      0.00981115
      6.50      0.01020892
      6.52      0.01853573
      6.54      0.01111576
      6.56      0.01148233
      6.58      0.01188992
      6.60      0.01237418
      6.62      0.01275366
      6.64      0.01308648
      6.66      0.01341658
      6.68      0.01378093
      6.70      0.01417938
      6.72      0.01453743
      6.74      0.01472920
      6.76      0.01504565
      6.78      0.01529761
      6.80      0.01558677
      6.82      0.01584954
      6.84      0.01613564
      6.86      0.01635953
      6.88      0.01659094
      6.90      0.01679124
      6.92      0.01697232
      6.94      0.01719279
      6.96      0.01735318
      6.98      0.01762760
      7.00      0.01773076
      7.02      0.01788675
      7.04      0.01796067
      7.06      0.01808538
      7.08      0.01822926
      7.10      0.01824881
      7.12      0.01829244
      7.14      0.01850121
      7.16      0.01850990
      7.18      0.01845750
      7.20      0.01848930
      7.22      0.01845625
      7.24      0.01838661
      7.26      0.01833765
      7.28      0.01832822
      7.30      0.01830895
      7.32      0.01828894
      7.34      0.01815219
      7.36      0.01804990
      7.38      0.01779049
      7.40      0.01772432
      7.42      0.01754674
      7.44      0.01740679
      7.46      0.01722493
      7.48      0.01703705
      7.50      0.01687047
      7.52      0.01664920
      7.54      0.01667980
      7.56      0.01636011
      7.58      0.01623946
      7.60      0.01589179
      7.62      0.01566013
      7.64      0.01551247
      7.66      0.01520862
      7.68      0.01535871
      7.70      0.01470232
      7.72      0.01469019
      7.74      0.01446212
      7.76      0.01424416
      7.78      0.01361646
      7.80      0.01362921
      7.82      0.01340595
      7.84      0.01312139
      7.86     -0.01338086
      7.88     -0.01262280
      7.90     -0.01240953
      7.92     -0.01217284
      7.94     -0.01186761
      7.96      0.01174581
      7.98      0.01171669
      8.00     -0.01134156
      8.50     -0.00700794
      9.00      0.00419911
      9.50      0.00636749
     10.00      0.00013216
     10.50     -0.04844419
     11.00      0.00013216
                                                  


