      3.00   -472.20946598   -472.19469453   -472.17207898   -472.07550228   -472.04321497   -472.03593492   -472.02782479   -472.02436067   -471.98398575   -471.96330369
      3.02   -472.20983372   -472.19464135   -472.17234825   -472.07940787   -472.04547055   -472.03935945   -472.03107330   -472.02789884   -471.98627398   -471.96527078
      3.04   -472.21017643   -472.19448588   -472.17251678   -472.08321139   -472.04773294   -472.04264890   -472.03422416   -472.03129183   -471.98843198   -471.96741267
      3.06   -472.21049788   -472.19423666   -472.17259307   -472.08691700   -472.05002617   -472.04578033   -472.03727203   -472.03454035   -471.99048321   -471.97002113
      3.08   -472.21080136   -472.19390182   -472.17258519   -472.09052844   -472.05238890   -472.04871553   -472.04021324   -472.03764631   -471.99244791   -471.97349222
      3.10   -472.21108972   -472.19348906   -472.17250078   -472.09404893   -472.05486457   -472.05141110   -472.04304559   -472.04061256   -471.99434319   -471.97795171
      3.12   -472.21136544   -472.19300567   -472.17234705   -472.09748127   -472.05746703   -472.05385297   -472.04576804   -472.04344273   -471.99618327   -471.98305742
      3.14   -472.21162867   -472.19245835   -472.17212912   -472.10082710   -472.06016003   -472.05607552   -472.04837988   -472.04614026   -471.99797838   -471.98842073
      3.16   -472.21188514   -472.19185410   -472.17185683   -472.10409022   -472.06288966   -472.05813558   -472.05088320   -472.04871127   -471.99974060   -471.99383574
      3.18   -472.21213285   -472.19119760   -472.17153367   -472.10726976   -472.06561020   -472.06007351   -472.05327756   -472.05115630   -472.00147403   -471.99919087
      3.20   -472.21237641   -472.19049736   -472.17116714   -472.11037109   -472.06830009   -472.06191786   -472.05556703   -472.05348696   -472.00443997   -472.00318767
      3.22   -472.21261537   -472.18975754   -472.17076165   -472.11339401   -472.07094318   -472.06368179   -472.05775262   -472.05570461   -472.00955417   -472.00488393
      3.24   -472.21285080   -472.18898336   -472.17032224   -472.11634004   -472.07353203   -472.06537341   -472.05983676   -472.05781385   -472.01451929   -472.00656601
      3.26   -472.21305322   -472.18821664   -472.16984355   -472.11909505   -472.07617810   -472.06699957   -472.06179040   -472.05985857   -472.01930331   -472.00827319
      3.28   -472.21328636   -472.18738551   -472.16934573   -472.12191214   -472.07864795   -472.06856412   -472.06368392   -472.06176895   -472.02395389   -472.00993054
      3.30   -472.21352064   -472.18653398   -472.16882698   -472.12465704   -472.08105901   -472.07007022   -472.06548598   -472.06359014   -472.02844478   -472.01157969
      3.32   -472.21375616   -472.18566505   -472.16829129   -472.12732908   -472.08340890   -472.07151728   -472.06719914   -472.06532327   -472.03277327   -472.01322096
      3.34   -472.21399022   -472.18478182   -472.16774132   -472.12992683   -472.08569669   -472.07290531   -472.06882461   -472.06696966   -472.03693591   -472.01485561
      3.36   -472.21422942   -472.18388902   -472.16718303   -472.13245190   -472.08792358   -472.07423683   -472.07036869   -472.06853925   -472.04094015   -472.01648868
      3.38   -472.21447093   -472.18298938   -472.16661830   -472.13490357   -472.09008956   -472.07551127   -472.07183290   -472.07003344   -472.04478394   -472.01812841
      3.40   -472.21471507   -472.18208620   -472.16605010   -472.13728245   -472.09219559   -472.07672925   -472.07322093   -472.07145656   -472.04846882   -472.01980774
      3.42   -472.21496221   -472.18118274   -472.16548140   -472.13958947   -472.09424315   -472.07789173   -472.07453690   -472.07281284   -472.05199640   -472.02173850
      3.44   -472.21520842   -472.18027669   -472.16489057   -472.14181249   -472.09623127   -472.07897228   -472.07574979   -472.07415122   -472.05537626   -472.02480194
      3.46   -472.21545028   -472.17936688   -472.16432114   -472.14397393   -472.09816196   -472.08001894   -472.07693008   -472.07536870   -472.05858397   -472.02845648
      3.48   -472.21571356   -472.17848471   -472.16377432   -472.14607528   -472.10004695   -472.08102891   -472.07806484   -472.07654299   -472.06164814   -472.03209391
      3.50   -472.21598149   -472.17761263   -472.16323731   -472.14810839   -472.10188205   -472.08198876   -472.07914652   -472.07766595   -472.06455958   -472.03561164
      3.52   -472.21625440   -472.17675247   -472.16271240   -472.15007348   -472.10366922   -472.08289969   -472.08018167   -472.07874137   -472.06731779   -472.03899298
      3.54   -472.21653257   -472.17590590   -472.16220219   -472.15197024   -472.10541032   -472.08376295   -472.08117852   -472.07977305   -472.06992063   -472.04223435
      3.56   -472.21681628   -472.17507445   -472.16171027   -472.15379725   -472.10710713   -472.08457980   -472.08214793   -472.08076486   -472.07236343   -472.04533571
      3.58   -472.21710576   -472.17425950   -472.16124332   -472.15554987   -472.10876136   -472.08535153   -472.08310467   -472.08172063   -472.07463764   -472.04829831
      3.60   -472.21740123   -472.17346229   -472.16082005   -472.15721131   -472.11037469   -472.08607941   -472.08406910   -472.08264419   -472.07672918   -472.05112397
      3.62   -472.21770287   -472.17268389   -472.16053447   -472.15868936   -472.11194873   -472.08676471   -472.08506795   -472.08353933   -472.07861754   -472.05381482
      3.64   -472.21801081   -472.17192521   -472.16098649   -472.15938575   -472.11348502   -472.08740869   -472.08613169   -472.08440973   -472.08027852   -472.05637315
      3.66   -472.21832515   -472.17118706   -472.16228333   -472.15919479   -472.11498504   -472.08801265   -472.08728422   -472.08525897   -472.08169437   -472.05880139
      3.68   -472.21864593   -472.17047008   -472.16369105   -472.15885177   -472.11645015   -472.08857786   -472.08852816   -472.08609044   -472.08286859   -472.06110209
      3.70   -472.21897315   -472.16977482   -472.16507498   -472.15849260   -472.11788159   -472.08984038   -472.08910563   -472.08690732   -472.08383045   -472.06327794
      3.72   -472.21930672   -472.16910174   -472.16641311   -472.15814043   -472.11928052   -472.09118446   -472.08959733   -472.08771251   -472.08462234   -472.06533182
      3.74   -472.21964657   -472.16845119   -472.16769972   -472.15780205   -472.12064799   -472.09252635   -472.09005443   -472.08850843   -472.08528428   -472.06726685
      3.76   -472.21999254   -472.16893307   -472.16782345   -472.15748014   -472.12198494   -472.09384116   -472.09047874   -472.08929684   -472.08584700   -472.06908643
      3.78   -472.22034443   -472.17011281   -472.16721872   -472.15717594   -472.12329220   -472.09511301   -472.09087324   -472.09007784   -472.08633218   -472.07079431
      3.80   -472.22070198   -472.17123921   -472.16663713   -472.15689004   -472.12457053   -472.09633265   -472.09124846   -472.09084345   -472.08675475   -472.07239465
      3.82   -472.22106145   -472.17231164   -472.16607845   -472.15662177   -472.12582029   -472.09749308   -472.09172313   -472.09147457   -472.08712452   -472.07389117
      3.84   -472.22143291   -472.17333434   -472.16554355   -472.15637388   -472.12704287   -472.09859863   -472.09245544   -472.09182156   -472.08745100   -472.07529138
      3.86   -472.22180558   -472.17430464   -472.16503152   -472.15614353   -472.12823795   -472.09964254   -472.09322186   -472.09210168   -472.08773796   -472.07659816
      3.88   -472.22218252   -472.17522463   -472.16454252   -472.15593143   -472.12940622   -472.10062778   -472.09399005   -472.09234992   -472.08799049   -472.07781805
      3.90   -472.22256330   -472.17609528   -472.16407638   -472.15573727   -472.13054804   -472.10155588   -472.09475497   -472.09257122   -472.08821216   -472.07895698
      3.92   -472.22294745   -472.17691764   -472.16363288   -472.15556066   -472.13166371   -472.10242881   -472.09551401   -472.09276770   -472.08840601   -472.08002096
      3.94   -472.22333446   -472.17769280   -472.16321176   -472.15540120   -472.13275354   -472.10324884   -472.09626499   -472.09294093   -472.08857459   -472.08101600
      3.96   -472.22372382   -472.17842189   -472.16281268   -472.15525839   -472.13381774   -472.10401841   -472.09700581   -472.09309222   -472.08872017   -472.08194788
      3.98   -472.22411500   -472.17910606   -472.16243529   -472.15513171   -472.13485653   -472.10474005   -472.09773449   -472.09322284   -472.08884479   -472.08282211
      4.00   -472.22450743   -472.17974650   -472.16207920   -472.15502064   -472.13587010   -472.10541634   -472.09844917   -472.09333399   -472.08895025   -472.08364378
      4.02   -472.22490058   -472.18034444   -472.16174396   -472.15492457   -472.13685863   -472.10604984   -472.09914826   -472.09342690   -472.08903824   -472.08441753
      4.04   -472.22529387   -472.18090110   -472.16142912   -472.15484294   -472.13782229   -472.10664311   -472.09983038   -472.09350277   -472.08911029   -472.08514743
      4.06   -472.22568676   -472.18141774   -472.16113419   -472.15477512   -472.13876125   -472.10719865   -472.10049441   -472.09356283   -472.08916785   -472.08583701
      4.08   -472.22615903   -472.18222076   -472.16089931   -472.15477720   -472.13969139   -472.10778807   -472.10117910   -472.09366036   -472.08927750   -472.08667172
      4.10   -472.22655178   -472.18270319   -472.16064860   -472.15474136   -472.14057844   -472.10828229   -472.10181402   -472.09369761   -472.08931599   -472.08731009
      4.12   -472.22693704   -472.18312655   -472.16041221   -472.15471246   -472.14144098   -472.10874166   -472.10242703   -472.09371886   -472.08933853   -472.08790288
      4.14   -472.22731832   -472.18350890   -472.16019241   -472.15469346   -472.14227947   -472.10917141   -472.10301910   -472.09372889   -472.08934998   -472.08846044
      4.16   -472.22769602   -472.18385502   -472.15998935   -472.15468460   -472.14309419   -472.10957438   -472.10359056   -472.09373028   -472.08935225   -472.08898528
      4.18   -472.22806996   -472.18416731   -472.15980275   -472.15468554   -472.14388536   -472.10995274   -472.10414173   -472.09372552   -472.08947793   -472.08934665
      4.20   -472.22843984   -472.18444748   -472.15963217   -472.15469583   -472.14465320   -472.11030847   -472.10467299   -472.09371750   -472.08993770   -472.08933431
      4.22   -472.22880529   -472.18469696   -472.15947720   -472.15471494   -472.14539792   -472.11064342   -472.10518480   -472.09370985   -472.09036277   -472.08931628
      4.24   -472.22916599   -472.18491704   -472.15933735   -472.15474232   -472.14611975   -472.11095927   -472.10567766   -472.09370730   -472.09074992   -472.08929361
      4.26   -472.22952158   -472.18510896   -472.15921216   -472.15477745   -472.14681889   -472.11125762   -472.10615216   -472.09371606   -472.09109429   -472.08926738
      4.28   -472.22987179   -472.18527388   -472.15910118   -472.15481979   -472.14749554   -472.11153993   -472.10660887   -472.09374386   -472.09138936   -472.08923876
      4.30   -472.23021631   -472.18541295   -472.15900400   -472.15486881   -472.14814991   -472.11180758   -472.10704841   -472.09379913   -472.09162784   -472.08920911
      4.32   -472.23055489   -472.18552728   -472.15892023   -472.15492401   -472.14878216   -472.11206183   -472.10747139   -472.09388854   -472.09180409   -472.08918012
      4.34   -472.23088729   -472.18561793   -472.15884951   -472.15498489   -472.14939245   -472.11230382   -472.10787842   -472.09401372   -472.09191750   -472.08915408
      4.36   -472.23121329   -472.18568595   -472.15879154   -472.15505098   -472.14998090   -472.11253461   -472.10827008   -472.09416978   -472.09197394   -472.08913430
      4.38   -472.23153271   -472.18573236   -472.15874607   -472.15512182   -472.15054759   -472.11275516   -472.10864697   -472.09434750   -472.09198360   -472.08912598
      4.40   -472.23184538   -472.18575813   -472.15871292   -472.15519695   -472.15109256   -472.11296633   -472.10900963   -472.09453695   -472.09195736   -472.08913773
      4.42   -472.23215118   -472.18576424   -472.15869196   -472.15527595   -472.15161579   -472.11316888   -472.10935860   -472.09472986   -472.09190443   -472.08918389
      4.44   -472.23244998   -472.18575161   -472.15868316   -472.15535840   -472.15211719   -472.11336351   -472.10969438   -472.09492021   -472.09183182   -472.08928578
      4.46   -472.23274168   -472.18572114   -472.15868657   -472.15544392   -472.15259660   -472.11355081   -472.11001746   -472.09510389   -472.09174456   -472.08946423
      4.48   -472.23302622   -472.18567370   -472.15870236   -472.15553212   -472.15305378   -472.11373132   -472.11032829   -472.09527825   -472.09164627   -472.08971991
      4.50   -472.23330353   -472.18561015   -472.15873077   -472.15562264   -472.15348839   -472.11390549   -472.11062729   -472.09544161   -472.09153958   -472.09002804
      4.52   -472.23357357   -472.18553130   -472.15877215   -472.15571515   -472.15390002   -472.11407371   -472.11091492   -472.09559300   -472.09142644   -472.09035887
      4.54   -472.23383633   -472.18543796   -472.15882693   -472.15580930   -472.15428819   -472.11423634   -472.11119155   -472.09573187   -472.09130832   -472.09069188
      4.56   -472.23409180   -472.18533089   -472.15889558   -472.15590480   -472.15465240   -472.11439366   -472.11145755   -472.09585801   -472.09118638   -472.09101566
      4.58   -472.23433998   -472.18521084   -472.15897857   -472.15600134   -472.15499216   -472.11454590   -472.11171327   -472.09597144   -472.09132437   -472.09106153
      4.60   -472.23458090   -472.18507853   -472.15907624   -472.15609865   -472.15530711   -472.11469327   -472.11195907   -472.09607231   -472.09161524   -472.09093455
      4.62   -472.23481458   -472.18493466   -472.15918875   -472.15619647   -472.15559709   -472.11483592   -472.11219526   -472.09616088   -472.09188708   -472.09080604
      4.64   -472.23503854   -472.18477959   -472.15931583   -472.15629409   -472.15586204   -472.11497354   -472.11242169   -472.09623733   -472.09213937   -472.09067581
      4.66   -472.23524853   -472.18456630   -472.15945705   -472.15639177   -472.15610294   -472.11510517   -472.11263951   -472.09630227   -472.09237054   -472.09054562
      4.68   -472.23546099   -472.18439015   -472.15961141   -472.15648974   -472.15632082   -472.11523426   -472.11284877   -472.09635628   -472.09258542   -472.09041547
      4.70   -472.23566648   -472.18420513   -472.15977739   -472.15658731   -472.15651708   -472.11535903   -472.11304963   -472.09639965   -472.09278242   -472.09028552
      4.72   -472.23587422   -472.18406455   -472.15995326   -472.15669367   -472.15668467   -472.11548214   -472.11324246   -472.09643300   -472.09296460   -472.09044521
      4.74   -472.23606794   -472.18386503   -472.16013691   -472.15685267   -472.15678120   -472.11559902   -472.11342769   -472.09645666   -472.09312837   -472.09064020
      4.76   -472.23625274   -472.18365797   -472.16032627   -472.15699587   -472.15687648   -472.11571141   -472.11360494   -472.09647098   -472.09327649   -472.09082226
      4.78   -472.23643089   -472.18344417   -472.16051940   -472.15712558   -472.15697069   -472.11581971   -472.11377486   -472.09647657   -472.09341001   -472.09099208
      4.80   -472.23660249   -472.18322412   -472.16071447   -472.15724370   -472.15706370   -472.11592397   -472.11393770   -472.09647393   -472.09352973   -472.09115020
      4.82   -472.23676767   -472.18299836   -472.16090988   -472.15735194   -472.15715538   -472.11602423   -472.11409369   -472.09646352   -472.09363647   -472.09129714
      4.84   -472.23692651   -472.18276732   -472.16110426   -472.15745176   -472.15724564   -472.11612054   -472.11424308   -472.09644578   -472.09373102   -472.09143338
      4.86   -472.23707913   -472.18253150   -472.16129648   -472.15754442   -472.15733436   -472.11621293   -472.11438611   -472.09642117   -472.09381411   -472.09155941
      4.88   -472.23722566   -472.18229132   -472.16148560   -472.15763098   -472.15742145   -472.11630147   -472.11452299   -472.09639011   -472.09388648   -472.09167570
      4.90   -472.23736620   -472.18204722   -472.16167089   -472.15771227   -472.15750684   -472.11638620   -472.11465396   -472.09635301   -472.09394880   -472.09178267
      4.92   -472.23750087   -472.18179961   -472.16185178   -472.15778902   -472.15759045   -472.11646718   -472.11477921   -472.09631027   -472.09400172   -472.09188077
      4.94   -472.23762980   -472.18154886   -472.16202782   -472.15786181   -472.15767223   -472.11654447   -472.11489899   -472.09626228   -472.09404586   -472.09197039
      4.96   -472.23775311   -472.18129538   -472.16219868   -472.15793109   -472.15775211   -472.11661814   -472.11501347   -472.09620940   -472.09408181   -472.09205192
      4.98   -472.23787092   -472.18103951   -472.16236413   -472.15799725   -472.15783006   -472.11668825   -472.11512287   -472.09615198   -472.09411011   -472.09212575
      5.00   -472.23798335   -472.18078162   -472.16252399   -472.15806061   -472.15790604   -472.11675488   -472.11522737   -472.09609035   -472.09413130   -472.09219223
      5.02   -472.23809053   -472.18052203   -472.16267818   -472.15812141   -472.15798001   -472.11681810   -472.11532717   -472.09602484   -472.09414585   -472.09225171
      5.04   -472.23819257   -472.18026107   -472.16282662   -472.15817988   -472.15805196   -472.11687800   -472.11542246   -472.09595574   -472.09415422   -472.09230451
      5.06   -472.23828961   -472.17999904   -472.16296931   -472.15823616   -472.15812188   -472.11693465   -472.11551340   -472.09588336   -472.09415686   -472.09235095
      5.08   -472.23838176   -472.17973624   -472.16310627   -472.15829042   -472.15818974   -472.11698814   -472.11560016   -472.09580796   -472.09415417   -472.09239134
      5.12   -472.23855189   -472.17920940   -472.16336316   -472.15839328   -472.15831930   -472.11708599   -472.11576185   -472.09564913   -472.09413430   -472.09245509
      5.14   -472.23863012   -472.17894589   -472.16348324   -472.15844207   -472.15838100   -472.11713053   -472.11583709   -472.09556618   -472.09411781   -472.09247901
      5.16   -472.23870394   -472.17868265   -472.16359786   -472.15848919   -472.15844067   -472.11717226   -472.11590879   -472.09548118   -472.09409737   -472.09249796
      5.18   -472.23877347   -472.17841989   -472.16370713   -472.15853471   -472.15849831   -472.11721128   -472.11597710   -472.09539433   -472.09407329   -472.09251220
      5.20   -472.23883884   -472.17815785   -472.16381115   -472.15857868   -472.15855394   -472.11724769   -472.11604216   -472.09530584   -472.09404583   -472.09252194
      5.22   -472.23890016   -472.17789673   -472.16391004   -472.15862114   -472.15860758   -472.11728157   -472.11610411   -472.09521587   -472.09401525   -472.09252743
      5.24   -472.23895755   -472.17763671   -472.16400392   -472.15866215   -472.15865927   -472.11731302   -472.11616307   -472.09512462   -472.09398179   -472.09252887
      5.26   -472.23901110   -472.17737798   -472.16409291   -472.15870902   -472.15870174   -472.11734213   -472.11621918   -472.09503224   -472.09394567   -472.09252648
      5.28   -472.23906095   -472.17712072   -472.16417714   -472.15875686   -472.15873994   -472.11736898   -472.11627254   -472.09493888   -472.09390711   -472.09252044
      5.30   -472.23910719   -472.17686508   -472.16425674   -472.15880283   -472.15877679   -472.11739369   -472.11632329   -472.09484471   -472.09386630   -472.09251095
      5.32   -472.23914994   -472.17661122   -472.16433184   -472.15884696   -472.15881233   -472.11741633   -472.11637153   -472.09474984   -472.09382343   -472.09249819
      5.34   -472.23918930   -472.17635927   -472.16440256   -472.15888928   -472.15884657   -472.11743699   -472.11641737   -472.09465440   -472.09377865   -472.09248233
      5.36   -472.23922538   -472.17610938   -472.16446902   -472.15892984   -472.15887956   -472.11745576   -472.11646091   -472.09455852   -472.09373213   -472.09246355
      5.38   -472.23925828   -472.17586166   -472.16453137   -472.15896867   -472.15891132   -472.11747272   -472.11650225   -472.09446231   -472.09368403   -472.09244199
      5.40   -472.23928809   -472.17561622   -472.16458971   -472.15900581   -472.15894187   -472.11748797   -472.11654149   -472.09436586   -472.09363447   -472.09241783
      5.42   -472.23931493   -472.17537317   -472.16464418   -472.15904130   -472.15897126   -472.11750158   -472.11657872   -472.09426928   -472.09358358   -472.09239119
      5.44   -472.23933888   -472.17513261   -472.16469489   -472.15907519   -472.15899950   -472.11751364   -472.11661403   -472.09417266   -472.09353149   -472.09236223
      5.46   -472.23936004   -472.17489463   -472.16474197   -472.15910751   -472.15902662   -472.11752422   -472.11664751   -472.09407607   -472.09347831   -472.09233108
      5.48   -472.23937851   -472.17465930   -472.16478553   -472.15913831   -472.15905265   -472.11753340   -472.11667923   -472.09397961   -472.09342414   -472.09229787
      5.50   -472.23939437   -472.17442669   -472.16482569   -472.15916763   -472.15907762   -472.11754126   -472.11670927   -472.09388333   -472.09336906   -472.09226272
      5.52   -472.23940772   -472.17419688   -472.16486256   -472.15919551   -472.15910155   -472.11754786   -472.11673771   -472.09378731   -472.09331319   -472.09222576
      5.54   -472.23941864   -472.17396992   -472.16489625   -472.15922200   -472.15912447   -472.11755329   -472.11676462   -472.09369161   -472.09325659   -472.09218709
      5.56   -472.23942721   -472.17374586   -472.16492687   -472.15924714   -472.15914641   -472.11755760   -472.11679007   -472.09359628   -472.09319934   -472.09214684
      5.58   -472.23943353   -472.17352475   -472.16495453   -472.15927097   -472.15916739   -472.11756086   -472.11681412   -472.09350138   -472.09314153   -472.09210509
      5.60   -472.23954906   -472.17477541   -472.16503665   -472.15936825   -472.15924709   -472.11796189   -472.11688192   -472.09345336   -472.09305711   -472.09209594
      5.62   -472.23954862   -472.17454366   -472.16505838   -472.15938997   -472.15926656   -472.11796545   -472.11690336   -472.09335924   -472.09299857   -472.09205288
      5.64   -472.23954618   -472.17431451   -472.16507746   -472.15941052   -472.15928514   -472.11796777   -472.11692358   -472.09326568   -472.09294028   -472.09200880
      5.66   -472.23954181   -472.17408800   -472.16509398   -472.15942992   -472.15930287   -472.11796891   -472.11694263   -472.09317268   -472.09288255   -472.09196391
      5.68   -472.23953560   -472.17386418   -472.16510803   -472.15944822   -472.15931976   -472.11796894   -472.11696058   -472.09308032   -472.09282579   -472.09191854
      5.70   -472.23952760   -472.17364310   -472.16511971   -472.15946546   -472.15933585   -472.11796789   -472.11697747   -472.09298862   -472.09277072   -472.09187328
      5.72   -472.23951790   -472.17342478   -472.16512911   -472.15948168   -472.15935116   -472.11796583   -472.11699335   -472.09289759   -472.09271872   -472.09182958
      5.74   -472.23950656   -472.17320927   -472.16513630   -472.15949691   -472.15936571   -472.11796280   -472.11700827   -472.09280726   -472.09267269   -472.09179271
      5.76   -472.23949365   -472.17299658   -472.16514137   -472.15951119   -472.15937953   -472.11795887   -472.11702228   -472.09271766   -472.09264011   -472.09179798
      5.78   -472.23947923   -472.17278674   -472.16514441   -472.15952455   -472.15939264   -472.11795407   -472.11703541   -472.09264388   -472.09262880   -472.09198094
      5.80   -472.23946337   -472.17257978   -472.16514549   -472.15953704   -472.15940507   -472.11794845   -472.11704771   -472.09274611   -472.09254069   -472.09217181
      5.82   -472.23944612   -472.17237569   -472.16514469   -472.15954869   -472.15941684   -472.11794207   -472.11705921   -472.09298358   -472.09245337   -472.09223189
      5.84   -472.23942755   -472.17217451   -472.16514208   -472.15955953   -472.15942796   -472.11793496   -472.11706997   -472.09328602   -472.09236683   -472.09221916
      5.86   -472.23940771   -472.17197623   -472.16513773   -472.15956960   -472.15943847   -472.11792718   -472.11708000   -472.09360385   -472.09228108   -472.09218102
      5.88   -472.23938667   -472.17178086   -472.16513172   -472.15957892   -472.15944838   -472.11791876   -472.11708935   -472.09392106   -472.09219615   -472.09213293
      5.90   -472.23936446   -472.17158841   -472.16512411   -472.15958753   -472.15945773   -472.11790975   -472.11709805   -472.09423229   -472.09211203   -472.09208022
      5.92   -472.23934116   -472.17139886   -472.16511496   -472.15959546   -472.15946651   -472.11790018   -472.11710613   -472.09453548   -472.09202874   -472.09202509
      5.94   -472.23931677   -472.17121222   -472.16510435   -472.15960275   -472.15947477   -472.11789011   -472.11711362   -472.09482978   -472.09196860   -472.09194627
      5.96   -472.23929141   -472.17102848   -472.16509233   -472.15960941   -472.15948251   -472.11787957   -472.11712055   -472.09511483   -472.09191131   -472.09186463
      5.98   -472.23926510   -472.17084763   -472.16507896   -472.15961548   -472.15948976   -472.11786859   -472.11712695   -472.09539056   -472.09185357   -472.09178383
      6.00   -472.23923788   -472.17066966   -472.16506429   -472.15962098   -472.15949654   -472.11785721   -472.11713285   -472.09565700   -472.09179558   -472.09170386
      6.02   -472.23920979   -472.17049455   -472.16504839   -472.15962594   -472.15950286   -472.11784547   -472.11713826   -472.09591426   -472.09173749   -472.09162473
      6.04   -472.23918089   -472.17032228   -472.16503131   -472.15963040   -472.15950875   -472.11783340   -472.11714322   -472.09616248   -472.09167939   -472.09154643
      6.06   -472.23915120   -472.17015285   -472.16501311   -472.15963436   -472.15951422   -472.11782104   -472.11714775   -472.09640185   -472.09162136   -472.09146897
      6.08   -472.23912078   -472.16998622   -472.16499382   -472.15963786   -472.15951928   -472.11780842   -472.11715186   -472.09663256   -472.09156344   -472.09139234
      6.10   -472.23908966   -472.16982238   -472.16497350   -472.15964091   -472.15952396   -472.11779556   -472.11715559   -472.09685479   -472.09150569   -472.09131654
      6.12   -472.23905788   -472.16966130   -472.16495220   -472.15964355   -472.15952827   -472.11778250   -472.11715895   -472.09706875   -472.09144813   -472.09124156
      6.14   -472.23902548   -472.16950295   -472.16492997   -472.15964579   -472.15953223   -472.11776926   -472.11716196   -472.09727464   -472.09139080   -472.09116741
      6.16   -472.23899249   -472.16934732   -472.16490685   -472.15964766   -472.15953585   -472.11775588   -472.11716464   -472.09747267   -472.09133371   -472.09109407
      6.18   -472.23895895   -472.16919436   -472.16488287   -472.15964917   -472.15953914   -472.11774238   -472.11716700   -472.09766304   -472.09127688   -472.09102155
      6.20   -472.23892489   -472.16904406   -472.16485809   -472.15965034   -472.15954213   -472.11772878   -472.11716907   -472.09784593   -472.09122034   -472.09094984
      6.22   -472.23889034   -472.16889638   -472.16483255   -472.15965120   -472.15954483   -472.11771512   -472.11717087   -472.09802156   -472.09116409   -472.09087893
      6.24   -472.23885534   -472.16875129   -472.16480628   -472.15965176   -472.15954724   -472.11770140   -472.11717239   -472.09819011   -472.09110814   -472.09080882
      6.26   -472.23881991   -472.16860875   -472.16477931   -472.15965203   -472.15954938   -472.11768766   -472.11717367   -472.09835178   -472.09105251   -472.09073950
      6.28   -472.23878408   -472.16846875   -472.16475170   -472.15965204   -472.15955127   -472.11767391   -472.11717471   -472.09850676   -472.09099721   -472.09067096
      6.30   -472.23874788   -472.16833123   -472.16472346   -472.15965180   -472.15955292   -472.11766018   -472.11717553   -472.09865522   -472.09094223   -472.09060320
      6.32   -472.23871134   -472.16819617   -472.16469465   -472.15965133   -472.15955434   -472.11764648   -472.11717614   -472.09879735   -472.09088760   -472.09053621
      6.34   -472.23867449   -472.16806354   -472.16466528   -472.15965064   -472.15955553   -472.11763284   -472.11717655   -472.09893333   -472.09083333   -472.09046999
      6.36   -472.23863734   -472.16793329   -472.16463539   -472.15964974   -472.15955652   -472.11761925   -472.11717678   -472.09906333   -472.09077940   -472.09040452
      6.38   -472.23859993   -472.16780539   -472.16460502   -472.15964865   -472.15955731   -472.11760576   -472.11717684   -472.09918752   -472.09072583   -472.09033981
      6.40   -472.23856228   -472.16767981   -472.16457419   -472.15964739   -472.15955791   -472.11759236   -472.11717673   -472.09930607   -472.09067263   -472.09027584
      6.42   -472.23852440   -472.16755652   -472.16454293   -472.15964595   -472.15955834   -472.11757907   -472.11717647   -472.09941914   -472.09061980   -472.09021260
      6.44   -472.23848633   -472.16743546   -472.16451127   -472.15964437   -472.15955860   -472.11756590   -472.11717607   -472.09952690   -472.09056734   -472.09015009
      6.46   -472.23844808   -472.16731662   -472.16447923   -472.15964264   -472.15955870   -472.11755287   -472.11717554   -472.09962949   -472.09051527   -472.09008830
      6.48   -472.23840968   -472.16719994   -472.16444685   -472.15964078   -472.15955865   -472.11753999   -472.11717488   -472.09972708   -472.09046357   -472.09002723
      6.50   -472.23837114   -472.16708540   -472.16441415   -472.15963880   -472.15955847   -472.11752726   -472.11717410   -472.09981982   -472.09041226   -472.08996686
      6.52   -472.23833248   -472.16697297   -472.16438114   -472.15963671   -472.15955815   -472.11751470   -472.11717322   -472.09990785   -472.09036133   -472.08990720
      6.54   -472.23829372   -472.16686259   -472.16434786   -472.15963452   -472.15955770   -472.11750232   -472.11717224   -472.09999131   -472.09031079   -472.08984822
      6.56   -472.23825488   -472.16675424   -472.16431434   -472.15963224   -472.15955714   -472.11749011   -472.11717117   -472.10007034   -472.09026065   -472.08978993
      6.58   -472.23821597   -472.16664789   -472.16428058   -472.15962988   -472.15955647   -472.11747810   -472.11717001   -472.10014509   -472.09021090   -472.08973232
      6.60   -472.23817702   -472.16654349   -472.16424661   -472.15962744   -472.15955571   -472.11746628   -472.11716877   -472.10021569   -472.09016154   -472.08967537
      6.62   -472.23813804   -472.16644102   -472.16421246   -472.15962493   -472.15955484   -472.11745466   -472.11716746   -472.10028226   -472.09011259   -472.08961909
      6.64   -472.23809903   -472.16634043   -472.16417814   -472.15962236   -472.15955389   -472.11744324   -472.11716609   -472.10034494   -472.09006404   -472.08956347
      6.66   -472.23806003   -472.16624169   -472.16414367   -472.15961974   -472.15955286   -472.11743204   -472.11716466   -472.10040385   -472.09001588   -472.08950849
      6.68   -472.23802104   -472.16614477   -472.16410908   -472.15961708   -472.15955175   -472.11742104   -472.11716317   -472.10045911   -472.08996813   -472.08945416
      6.70   -472.23798208   -472.16604963   -472.16407437   -472.15961438   -472.15955058   -472.11741027   -472.11716164   -472.10051085   -472.08992079   -472.08940047
      6.72   -472.23794315   -472.16595625   -472.16403957   -472.15961164   -472.15954934   -472.11739971   -472.11716006   -472.10055917   -472.08987385   -472.08934740
      6.74   -472.23790428   -472.16586458   -472.16400469   -472.15960888   -472.15954804   -472.11738937   -472.11715844   -472.10060419   -472.08982731   -472.08929495
      6.76   -472.23786547   -472.16577460   -472.16396975   -472.15960609   -472.15954669   -472.11737925   -472.11715679   -472.10064602   -472.08978118   -472.08924312
      6.78   -472.23782674   -472.16568628   -472.16393476   -472.15960329   -472.15954529   -472.11736936   -472.11715511   -472.10068477   -472.08973546   -472.08919190
      6.80   -472.23778810   -472.16559957   -472.16389975   -472.15960048   -472.15954385   -472.11735969   -472.11715341   -472.10072055   -472.08969014   -472.08914129
      6.82   -472.23774956   -472.16551446   -472.16386472   -472.15959767   -472.15954238   -472.11735024   -472.11715168   -472.10075345   -472.08964524   -472.08909127
      6.84   -472.23771112   -472.16543090   -472.16382969   -472.15959485   -472.15954087   -472.11734101   -472.11714994   -472.10078358   -472.08960074   -472.08904184
      6.86   -472.23767281   -472.16534888   -472.16379467   -472.15959203   -472.15953933   -472.11733201   -472.11714819   -472.10081103   -472.08955665   -472.08899300
      6.88   -472.23763462   -472.16526836   -472.16375967   -472.15958922   -472.15953776   -472.11732323   -472.11714642   -472.10083590   -472.08951296   -472.08894473
      6.90   -472.23759658   -472.16518931   -472.16372472   -472.15958642   -472.15953618   -472.11731467   -472.11714465   -472.10085828   -472.08946969   -472.08889704
      6.92   -472.23755868   -472.16511170   -472.16368981   -472.15958364   -472.15953457   -472.11730633   -472.11714288   -472.10087826   -472.08942682   -472.08884991
      6.94   -472.23752096   -472.16503550   -472.16365497   -472.15958091   -472.15953296   -472.11729825   -472.11714111   -472.10089593   -472.08938436   -472.08880335
      6.96   -472.23748338   -472.16496069   -472.16362020   -472.15957816   -472.15953133   -472.11729034   -472.11713934   -472.10091137   -472.08934231   -472.08875734
      6.98   -472.23744598   -472.16488724   -472.16358552   -472.15957543   -472.15952969   -472.11728264   -472.11713757   -472.10092465   -472.08930066   -472.08871189
      7.00   -472.23740876   -472.16481513   -472.16355093   -472.15957273   -472.15952805   -472.11727515   -472.11713581   -472.10093587   -472.08925942   -472.08866697
      7.02   -472.23737172   -472.16474432   -472.16351644   -472.15957006   -472.15952641   -472.11726787   -472.11713407   -472.10094510   -472.08921858   -472.08862260
      7.04   -472.23733488   -472.16467479   -472.16348207   -472.15956742   -472.15952478   -472.11726080   -472.11713233   -472.10095242   -472.08917815   -472.08857876
      7.06   -472.23729825   -472.16460652   -472.16344783   -472.15956481   -472.15952314   -472.11725392   -472.11713061   -472.10095790   -472.08913812   -472.08853545
      7.08   -472.23726173   -472.16453939   -472.16341354   -472.15956121   -472.15952050   -472.11724704   -472.11712870   -472.10096159   -472.08909806   -472.08849253
      7.10   -472.23722552   -472.16447356   -472.16337957   -472.15955868   -472.15951888   -472.11724057   -472.11712702   -472.10096360   -472.08905883   -472.08845026
      7.12   -472.23718952   -472.16440891   -472.16334574   -472.15955619   -472.15951728   -472.11723429   -472.11712535   -472.10096398   -472.08902001   -472.08840850
      7.14   -472.23715375   -472.16434543   -472.16331208   -472.15955374   -472.15951569   -472.11722820   -472.11712371   -472.10096279   -472.08898159   -472.08836726
      7.16   -472.23711821   -472.16428307   -472.16327857   -472.15955133   -472.15951412   -472.11722230   -472.11712210   -472.10096009   -472.08894357   -472.08832652
      7.18   -472.23708291   -472.16422184   -472.16324524   -472.15954896   -472.15951256   -472.11721658   -472.11712051   -472.10095595   -472.08890594   -472.08828628
      7.20   -472.23704761   -472.16416151   -472.16321186   -472.15954604   -472.15950974   -472.11721056   -472.11711837   -472.10095023   -472.08886844   -472.08824646
      7.22   -472.23701280   -472.16410245   -472.16317890   -472.15954377   -472.15950823   -472.11720520   -472.11711684   -472.10094339   -472.08883161   -472.08820720
      7.24   -472.23697824   -472.16404444   -472.16314613   -472.15954154   -472.15950675   -472.11720001   -472.11711534   -472.10093528   -472.08879517   -472.08816843
      7.26   -472.23694393   -472.16398747   -472.16311356   -472.15953937   -472.15950529   -472.11719500   -472.11711386   -472.10092596   -472.08875912   -472.08813013
      7.28   -472.23690988   -472.16393150   -472.16308119   -472.15953724   -472.15950385   -472.11719015   -472.11711242   -472.10091547   -472.08872346   -472.08809232
      7.30   -472.23687609   -472.16387653   -472.16304902   -472.15953517   -472.15950244   -472.11718546   -472.11711101   -472.10090387   -472.08868820   -472.08805497
      7.32   -472.23684239   -472.16382239   -472.16301663   -472.15953298   -472.15950124   -472.11718084   -472.11710916   -472.10089119   -472.08865338   -472.08801806
      7.34   -472.23680913   -472.16376934   -472.16298491   -472.15953100   -472.15949988   -472.11717647   -472.11710783   -472.10087750   -472.08861888   -472.08798165
      7.36   -472.23677615   -472.16371723   -472.16295340   -472.15952908   -472.15949856   -472.11717226   -472.11710653   -472.10086285   -472.08858476   -472.08794569
      7.38   -472.23674353   -472.16366612   -472.16292246   -472.15952694   -472.15949667   -472.11716790   -472.11710532   -472.10084728   -472.08855075   -472.08791014
      7.40   -472.23671074   -472.16361550   -472.16289084   -472.15952433   -472.15949446   -472.11716338   -472.11710313   -472.10083061   -472.08851726   -472.08787500
      7.42   -472.23667859   -472.16356609   -472.16286004   -472.15952257   -472.15949324   -472.11715961   -472.11710194   -472.10081331   -472.08848428   -472.08784039
      7.44   -472.23664671   -472.16351755   -472.16282947   -472.15952086   -472.15949205   -472.11715598   -472.11710079   -472.10079521   -472.08845168   -472.08780622
      7.46   -472.23661512   -472.16346986   -472.16279914   -472.15951920   -472.15949090   -472.11715248   -472.11709967   -472.10077635   -472.08841945   -472.08777249
      7.48   -472.23658371   -472.16342298   -472.16276894   -472.15951725   -472.15948949   -472.11714872   -472.11709824   -472.10075672   -472.08838755   -472.08773914
      7.50   -472.23655269   -472.16337698   -472.16273912   -472.15951571   -472.15948841   -472.11714550   -472.11709720   -472.10073645   -472.08835606   -472.08770627
      7.52   -472.23652195   -472.16333171   -472.16270952   -472.15951422   -472.15948737   -472.11714240   -472.11709621   -472.10071552   -472.08832494   -472.08767382
      7.54   -472.23649150   -472.16328725   -472.16268018   -472.15951278   -472.15948636   -472.11713943   -472.11709525   -472.10069398   -472.08829418   -472.08764179
      7.56   -472.23646104   -472.16324357   -472.16265109   -472.15951131   -472.15948535   -472.11713655   -472.11709432   -472.10067182   -472.08826368   -472.08761010
      7.58   -472.23643117   -472.16320063   -472.16262226   -472.15950998   -472.15948441   -472.11713381   -472.11709344   -472.10064913   -472.08823364   -472.08757889
      7.60   -472.23640159   -472.16315846   -472.16259370   -472.15950870   -472.15948352   -472.11713120   -472.11709260   -472.10062592   -472.08820396   -472.08754810
      7.62   -472.23637213   -472.16311636   -472.16256518   -472.15950555   -472.15948089   -472.11712776   -472.11709075   -472.10060198   -472.08817303   -472.08751763
      7.64   -472.23634313   -472.16307563   -472.16253714   -472.15950437   -472.15948006   -472.11712536   -472.11708999   -472.10057782   -472.08814407   -472.08748764
      7.66   -472.23631432   -472.16303579   -472.16250956   -472.15950452   -472.15948042   -472.11712388   -472.11709010   -472.10055340   -472.08811552   -472.08745806
      7.68   -472.23628578   -472.16299626   -472.16248183   -472.15950211   -472.15947850   -472.11712087   -472.11708857   -472.10052818   -472.08808714   -472.08742878
      7.70   -472.23625766   -472.16295760   -472.16245459   -472.15950109   -472.15947779   -472.11711879   -472.11708793   -472.10050277   -472.08805922   -472.08739996
      7.72   -472.23622984   -472.16291961   -472.16242761   -472.15950012   -472.15947711   -472.11711681   -472.11708733   -472.10047700   -472.08803165   -472.08737153
      7.74   -472.23620211   -472.16288208   -472.16240069   -472.15949909   -472.15947628   -472.11711480   -472.11708657   -472.10045075   -472.08800437   -472.08734346
      7.76   -472.23617487   -472.16284538   -472.16237424   -472.15949821   -472.15947568   -472.11711301   -472.11708605   -472.10042433   -472.08797747   -472.08731579
      7.78   -472.23614793   -472.16280931   -472.16234807   -472.15949739   -472.15947513   -472.11711132   -472.11708557   -472.10039761   -472.08795090   -472.08728848
      7.80   -472.23612127   -472.16277385   -472.16232216   -472.15949662   -472.15947461   -472.11710971   -472.11708512   -472.10037061   -472.08792466   -472.08726154
      7.82   -472.23609490   -472.16273900   -472.16229653   -472.15949590   -472.15947413   -472.11710819   -472.11708472   -472.10034336   -472.08789874   -472.08723498
      7.84   -472.23606883   -472.16270476   -472.16227117   -472.15949522   -472.15947368   -472.11710675   -472.11708434   -472.10031589   -472.08787315   -472.08720874
      7.86   -472.23604271   -472.16267080   -472.16224582   -472.15949430   -472.15947296   -472.11710521   -472.11708379   -472.10028808   -472.08784763   -472.08718282
      7.88   -472.23601721   -472.16263770   -472.16222098   -472.15949372   -472.15947260   -472.11710394   -472.11708350   -472.10026017   -472.08782268   -472.08715731
      7.90   -472.23599200   -472.16260516   -472.16219642   -472.15949319   -472.15947227   -472.11710275   -472.11708324   -472.10023211   -472.08779804   -472.08713216
      7.92   -472.23596707   -472.16257318   -472.16217213   -472.15949271   -472.15947197   -472.11710164   -472.11708303   -472.10020388   -472.08777372   -472.08710735
      7.94   -472.23594208   -472.16254155   -472.16214793   -472.15949209   -472.15947154   -472.11710039   -472.11708265   -472.10017547   -472.08774943   -472.08708276
      7.96   -472.23591774   -472.16251053   -472.16212405   -472.15949172   -472.15947124   -472.11709931   -472.11708240   -472.10014688   -472.08772561   -472.08705860
      7.98   -472.23589299   -472.16247997   -472.16210021   -472.15949108   -472.15947092   -472.11709849   -472.11708236   -472.10011815   -472.08770226   -472.08703468
      8.00   -472.23586919   -472.16245010   -472.16207698   -472.15949078   -472.15947077   -472.11709767   -472.11708228   -472.10008943   -472.08767916   -472.08701121
      8.02   -472.23584569   -472.16242063   -472.16205391   -472.15949052   -472.15947058   -472.11709679   -472.11708213   -472.10006052   -472.08765624   -472.08698805
      8.04   -472.23582245   -472.16239176   -472.16203120   -472.15949030   -472.15947049   -472.11709609   -472.11708213   -472.10003163   -472.08763373   -472.08696523
      8.06   -472.23579948   -472.16236337   -472.16200876   -472.15949012   -472.15947044   -472.11709546   -472.11708215   -472.10000267   -472.08761151   -472.08694274
      8.08   -472.23577679   -472.16233546   -472.16198658   -472.15948998   -472.15947043   -472.11709489   -472.11708221   -472.09997366   -472.08758958   -472.08692055
      8.10   -472.23575437   -472.16230802   -472.16196466   -472.15948988   -472.15947045   -472.11709439   -472.11708231   -472.09994462   -472.08756794   -472.08689868
      8.12   -472.23573222   -472.16228104   -472.16194299   -472.15948981   -472.15947050   -472.11709394   -472.11708243   -472.09991554   -472.08754655   -472.08687713
      8.14   -472.23571034   -472.16225451   -472.16192158   -472.15948976   -472.15947055   -472.11709354   -472.11708259   -472.09988644   -472.08752546   -472.08685587
      8.16   -472.23568872   -472.16222842   -472.16190040   -472.15948976   -472.15947067   -472.11709316   -472.11708272   -472.09985735   -472.08750462   -472.08683490
      8.18   -472.23566719   -472.16220268   -472.16187940   -472.15948973   -472.15947077   -472.11709282   -472.11708292   -472.09982647   -472.08748368   -472.08681350
      8.30   -472.23554450   -472.16205749   -472.16175921   -472.15949077   -472.15947224   -472.11709216   -472.11708484   -472.09965253   -472.08736607   -472.08669561
      8.32   -472.23552493   -472.16203467   -472.16174003   -472.15949106   -472.15947258   -472.11709222   -472.11708525   -472.09962370   -472.08734736   -472.08667694
      8.34   -472.23550561   -472.16201223   -472.16172109   -472.15949138   -472.15947294   -472.11709231   -472.11708569   -472.09959494   -472.08732891   -472.08665854
      8.36   -472.23548654   -472.16199016   -472.16170238   -472.15949172   -472.15947334   -472.11709244   -472.11708616   -472.09956625   -472.08731070   -472.08664040
      8.38   -472.23546770   -472.16196846   -472.16168391   -472.15949210   -472.15947375   -472.11709262   -472.11708665   -472.09953764   -472.08729273   -472.08662253
      8.40   -472.23544911   -472.16194711   -472.16166567   -472.15949251   -472.15947420   -472.11709283   -472.11708717   -472.09950912   -472.08727501   -472.08660489
      8.42   -472.23543072   -472.16192611   -472.16164767   -472.15949294   -472.15947466   -472.11709308   -472.11708771   -472.09948068   -472.08725752   -472.08658751
      8.44   -472.23541260   -472.16190547   -472.16162989   -472.15949340   -472.15947515   -472.11709336   -472.11708827   -472.09945234   -472.08724026   -472.08657038
      8.50   -472.23535943   -472.16184541   -472.16157784   -472.15949448   -472.15947586   -472.11709418   -472.11708956   -472.09936937   -472.08719026   -472.08652126
      9.00   -472.23498795   -472.16144087   -472.16121133   -472.15951256   -472.15949216   -472.11711148   -472.11711011   -472.09870792   -472.08683950   -472.08618042
      9.50   -472.23471803   -472.16116562   -472.16094588   -472.15953416   -472.15951014   -472.11713532   -472.11713393   -472.09815038   -472.08657392   -472.08593385
     10.00   -472.23451747   -472.16097247   -472.16075244   -472.15956108   -472.15953844   -472.11716226   -472.11716117   -472.09769603   -472.08636685   -472.08576445
     10.50   -472.23436226   -472.16082731   -472.16060389   -472.15958643   -472.15956488   -472.11718764   -472.11718674   -472.09730588   -472.08622037   -472.08553799
     11.00   -472.23424150   -472.16051234   -472.16038610   -472.15961206   -472.15959016   -472.11721144   -472.11721067   -472.09683099   -472.08610788   -472.08542750
     11.50   -472.23413989   -472.16040828   -472.16026928   -472.15962964   -472.15960770   -472.11722676   -472.11722660   -472.09657748   -472.08597628   -472.08533526
     12.00   -472.23405405   -472.16032505   -472.16018201   -472.15964830   -472.15962588   -472.11724455   -472.11724451   -472.09636427   -472.08587070   -472.08524707
