      3.00   -472.39572698   -472.27064147   -472.23697592   -472.20053404   -472.12565485   -472.05329343   -472.02258904   -472.01131615   -471.98927672   -471.94830879
      3.02   -472.39353659   -472.27170946   -472.23798130   -472.20168181   -472.12775366   -472.05841848   -472.02818578   -472.01440947   -471.99433280   -471.95270812
      3.04   -472.39126632   -472.27262131   -472.23882842   -472.20267424   -472.12973784   -472.06327515   -472.03352727   -472.01745046   -471.99921619   -471.95719232
      3.06   -472.38892342   -472.27338601   -472.23952612   -472.20352036   -472.13161577   -472.06787267   -472.03862481   -472.02044109   -472.00392150   -471.96173733
      3.08   -472.38651793   -472.27401346   -472.24008172   -472.20422861   -472.13340985   -472.07223971   -472.04351116   -472.02335829   -472.00846184   -471.96630551
      3.10   -472.38406083   -472.27451169   -472.24050532   -472.20480980   -472.13513443   -472.07637201   -472.04818009   -472.02623168   -472.01282984   -471.97086903
      3.12   -472.38153933   -472.27488351   -472.24080591   -472.20527012   -472.13673885   -472.08022735   -472.05258808   -472.02910606   -472.01698233   -471.97535537
      3.14   -472.37897082   -472.27513983   -472.24098928   -472.20561654   -472.13826363   -472.08385191   -472.05678504   -472.03194427   -472.02095213   -471.97974681
      3.16   -472.37636183   -472.27528801   -472.24106257   -472.20585650   -472.13971784   -472.08725558   -472.06078151   -472.03474615   -472.02474444   -471.98402441
      3.18   -472.37371722   -472.27533457   -472.24103245   -472.20599697   -472.14110743   -472.09044634   -472.06458571   -472.03751250   -472.02836355   -471.98817431
      3.20   -472.37104005   -472.27528535   -472.24090509   -472.20604455   -472.14243683   -472.09343181   -472.06820521   -472.04024353   -472.03181399   -471.99218642
      3.22   -472.36832859   -472.27514492   -472.24068598   -472.20600556   -472.14370820   -472.09621961   -472.07164709   -472.04293760   -472.03510021   -471.99605165
      3.24   -472.36556489   -472.27491529   -472.24038020   -472.20588623   -472.14491854   -472.09881822   -472.07491816   -472.04558605   -472.03822550   -471.99975509
      3.28   -472.35966454   -472.27392570   -472.23927291   -472.20512485   -472.14674270   -472.10302269   -472.08050035   -472.05067086   -472.04357970   -472.00624579
      3.30   -472.35690175   -472.27347053   -472.23874583   -472.20479434   -472.14784691   -472.10510056   -472.08330773   -472.05322150   -472.04627468   -472.00955535
      3.32   -472.35418580   -472.27296851   -472.23806451   -472.20431345   -472.14897766   -472.10729646   -472.08629982   -472.05585887   -472.04908703   -472.01233166
      3.34   -472.35144023   -472.27240390   -472.23741235   -472.20386932   -472.15000915   -472.10907060   -472.08882938   -472.05834930   -472.05152402   -472.01534601
      3.36   -472.34870142   -472.27178723   -472.23670589   -472.20337664   -472.15100126   -472.11070353   -472.09122432   -472.06080377   -472.05383666   -472.01822921
      3.38   -472.34617520   -472.27132607   -472.23630840   -472.20320414   -472.15222412   -472.11215459   -472.09331893   -472.06323945   -472.05594665   -472.02217943
      3.40   -472.34345612   -472.27061018   -472.23550812   -472.20262673   -472.15311903   -472.11352358   -472.09544801   -472.06562848   -472.05801715   -472.02483150
      3.42   -472.34075213   -472.26985224   -472.23466423   -472.20201243   -472.15397285   -472.11477861   -472.09746029   -472.06798455   -472.05997963   -472.02735874
      3.44   -472.33805944   -472.26904738   -472.23376726   -472.20135372   -472.15478591   -472.11594072   -472.09937024   -472.07032468   -472.06184625   -472.02974936
      3.46   -472.33528431   -472.26810067   -472.23282660   -472.20066141   -472.15550844   -472.11698265   -472.10123879   -472.07250536   -472.06366069   -472.03198391
      3.48   -472.33262805   -472.26722790   -472.23186817   -472.19995341   -472.15622258   -472.11792777   -472.10291543   -472.07474945   -472.06531144   -472.03415473
      3.50   -472.32999978   -472.26632797   -472.23088322   -472.19922711   -472.15689074   -472.11878627   -472.10449148   -472.07695815   -472.06686950   -472.03622067
      3.52   -472.32739838   -472.26540062   -472.22987172   -472.19848341   -472.15751063   -472.11956444   -472.10597084   -472.07913101   -472.06833851   -472.03818079
      3.54   -472.32482514   -472.26444771   -472.22883592   -472.19772528   -472.15808085   -472.12026824   -472.10735725   -472.08126746   -472.06972241   -472.04003795
      3.56   -472.32228170   -472.26347133   -472.22777832   -472.19695593   -472.15860022   -472.12090334   -472.10865439   -472.08336693   -472.07102516   -472.04179560
      3.58   -472.31976974   -472.26247354   -472.22670136   -472.19617854   -472.15906767   -472.12147500   -472.10986578   -472.08542887   -472.07225069   -472.04345737
      3.60   -472.31729089   -472.26145626   -472.22560742   -472.19539622   -472.15948226   -472.12198813   -472.11099481   -472.08745270   -472.07340286   -472.04502694
      3.62   -472.31484670   -472.26042132   -472.22449875   -472.19461201   -472.15984318   -472.12244727   -472.11204479   -472.08943785   -472.07448543   -472.04650802
      3.64   -472.31243865   -472.25937042   -472.22337751   -472.19382882   -472.16014975   -472.12285662   -472.11301888   -472.09138372   -472.07550205   -472.04790435
      3.66   -472.31006815   -472.25830512   -472.22224576   -472.19304947   -472.16040144   -472.12322008   -472.11392015   -472.09328974   -472.07645626   -472.04921965
      3.68   -472.30773650   -472.25722688   -472.22110547   -472.19227663   -472.16059788   -472.12354124   -472.11475155   -472.09515531   -472.07735147   -472.05045770
      3.70   -472.30544497   -472.25613704   -472.21995848   -472.19151283   -472.16073885   -472.12382346   -472.11551593   -472.09697982   -472.07819097   -472.05162228
      3.72   -472.30319468   -472.25503685   -472.21880658   -472.19076041   -472.16082433   -472.12406992   -472.11621604   -472.09876266   -472.07897787   -472.05271721
      3.74   -472.30098674   -472.25392743   -472.21765143   -472.19002154   -472.16085450   -472.12428362   -472.11685454   -472.10050314   -472.07971517   -472.05374636
      3.76   -472.29882212   -472.25280983   -472.21649464   -472.18929814   -472.16082975   -472.12446746   -472.11743398   -472.10220052   -472.08040574   -472.05471362
      3.78   -472.29670175   -472.25168500   -472.21533771   -472.18859190   -472.16075070   -472.12462433   -472.11795685   -472.10385391   -472.08105227   -472.05562299
      3.80   -472.29462645   -472.25055382   -472.21418209   -472.18790424   -472.16061827   -472.12475711   -472.11842552   -472.10546227   -472.08165733   -472.05647853
      3.82   -472.29259698   -472.24941707   -472.21302911   -472.18723628   -472.16043359   -472.12486892   -472.11884231   -472.10702426   -472.08222335   -472.05728442
      3.84   -472.29061398   -472.24827548   -472.21188008   -472.18658882   -472.16019811   -472.12496308   -472.11920944   -472.10853819   -472.08275262   -472.05804498
      3.86   -472.28867803   -472.24712971   -472.21073619   -472.18596239   -472.15991351   -472.12504344   -472.11952909   -472.11000175   -472.08324729   -472.05876472
      3.88   -472.28678962   -472.24598037   -472.20959859   -472.18535719   -472.15958177   -472.12511457   -472.11980336   -472.11141182   -472.08370941   -472.05944844
      3.90   -472.28494912   -472.24482802   -472.20846836   -472.18477312   -472.15920511   -472.12518216   -472.12003431   -472.11276405   -472.08414088   -472.06010138
      3.92   -472.28315685   -472.24367315   -472.20734650   -472.18420982   -472.15878595   -472.12525358   -472.12022397   -472.11405235   -472.08454351   -472.06072951
      3.94   -472.28141298   -472.24251626   -472.20623396   -472.18366670   -472.15832694   -472.12533859   -472.12037441   -472.11526806   -472.08491900   -472.06134018
      3.96   -472.27971762   -472.24135777   -472.20513162   -472.18314295   -472.15783086   -472.12545025   -472.12048780   -472.11639903   -472.08526897   -472.06194370
      3.98   -472.27807077   -472.24019813   -472.20404031   -472.18263763   -472.15730058   -472.12560578   -472.12056656   -472.11742860   -472.08559492   -472.06255766                 
      4.00   -472.27647232   -472.23903773   -472.20296080   -472.18214965   -472.15673908   -472.12582651   -472.12061382   -472.11833524   -472.08589830   -472.06322080
      4.02   -472.27492208   -472.23787700   -472.20189379   -472.18167788   -472.15614933   -472.12613557   -472.12063453   -472.11909373   -472.08618050   -472.06404294
      4.04   -472.27341976   -472.23671634   -472.20083994   -472.18122113   -472.15553430   -472.12655189   -472.12063905   -472.11967755   -472.08644285   -472.06529768
      4.06   -472.27196494   -472.23555617   -472.19979984   -472.18077823   -472.15489692   -472.12708234   -472.12065404   -472.12005591   -472.08668662   -472.06709939
      4.08   -472.27055714   -472.23439695   -472.19877405   -472.18034804   -472.15424004   -472.12771785   -472.12071859   -472.12020152   -472.08691309   -472.06913785
      4.10   -472.26919578   -472.23323913   -472.19776307   -472.17992946   -472.15356642   -472.12843742   -472.12079422   -472.12017650   -472.08712353   -472.07121758
      4.12   -472.26788019   -472.23208319   -472.19676735   -472.17952146   -472.15287872   -472.12921627   -472.12081677   -472.12007242   -472.08731926   -472.07327621
      4.14   -472.26660962   -472.23092966   -472.19578730   -472.17912312   -472.15217948   -472.13003207   -472.12077472   -472.11992568   -472.08750174   -472.07529236
      4.16   -472.26538324   -472.22977906   -472.19482328   -472.17873357   -472.15147112   -472.13086732   -472.12067616   -472.11974823   -472.08767268   -472.07725714
      4.18   -472.26420015   -472.22863195   -472.19387562   -472.17835205   -472.15075594   -472.13170923   -472.12053121   -472.11954518   -472.08783440   -472.07916576
      4.20   -472.26305940   -472.22748890   -472.19294460   -472.17797789   -472.15003615   -472.13254874   -472.12034840   -472.11931946   -472.08799054   -472.08101417
      4.22   -472.26195997   -472.22635050   -472.19203047   -472.17761052   -472.14931385   -472.13337946   -472.12013432   -472.11907312   -472.08814794   -472.08279599
      4.24   -472.26090082   -472.22521732   -472.19113342   -472.17724942   -472.14859111   -472.13419688   -472.11989403   -472.11880782   -472.08832296   -472.08449585
      4.26   -472.25988084   -472.22408996   -472.19025365   -472.17689417   -472.14786998   -472.13499770   -472.11963137   -472.11852501   -472.08856675   -472.08606384
      4.28   -472.25889893   -472.22296900   -472.18939127   -472.17654442   -472.14715257   -472.13577936   -472.11934938   -472.11822600   -472.08906942   -472.08731117
      4.30   -472.25795392   -472.22185503   -472.18854640   -472.17619986   -472.14644122   -472.13653962   -472.11905047   -472.11791199   -472.09012312   -472.08794712
      4.32   -472.25704468   -472.22074860   -472.18771912   -472.17586028   -472.14573871   -472.13727613   -472.11873661   -472.11758413   -472.09149500   -472.08820600
      4.34   -472.25617004   -472.21965026   -472.18690946   -472.17552547   -472.14504888   -472.13798579   -472.11840946   -472.11724351   -472.09292717   -472.08834713
      4.36   -472.25532883   -472.21856055   -472.18611745   -472.17519530   -472.14437777   -472.13866335   -472.11807044   -472.11689118   -472.09434815   -472.08844339
      4.38   -472.25451990   -472.21747995   -472.18534306   -472.17486966   -472.14373686   -472.13929826   -472.11772080   -472.11652812   -472.09573798   -472.08851613
      4.40   -472.25374212   -472.21640894   -472.18458626   -472.17454847   -472.14315212   -472.13986552   -472.11736167   -472.11615531   -472.09708985   -472.08857352
      4.42   -472.25299434   -472.21534798   -472.18384698   -472.17423168   -472.14269133   -472.14029828   -472.11699409   -472.11577367   -472.09840119   -472.08861940
      4.44   -472.25227544   -472.21429748   -472.18312515   -472.17391927   -472.14250600   -472.14044600   -472.11661907   -472.11538410   -472.09967111   -472.08865590
      4.46   -472.25158438   -472.21325784   -472.18242064   -472.17361123   -472.14268993   -472.14021588   -472.11623759   -472.11498746   -472.10089939   -472.08868436
      4.48   -472.25092008   -472.21222941   -472.18173333   -472.17330755   -472.14309395   -472.13975796   -472.11585066   -472.11458460   -472.10208614   -472.08870569
      4.50   -472.25028149   -472.21121252   -472.18106308   -472.17300825   -472.14357741   -472.13921380   -472.11545936   -472.11417634   -472.10323149   -472.08872059
      4.52   -472.24966762   -472.21020748   -472.18040970   -472.17271336   -472.14408424   -472.13864028   -472.11506495   -472.11376352   -472.10433551   -472.08872962
      4.54   -472.24907749   -472.20921455   -472.17977302   -472.17242289   -472.14459358   -472.13805908   -472.11466900   -472.11334694   -472.10539789   -472.08873322
      4.56   -472.24851015   -472.20823400   -472.17915285   -472.17213689   -472.14509676   -472.13747961   -472.11427371   -472.11292750   -472.10641768   -472.08873180
      4.58   -472.24796470   -472.20726602   -472.17854893   -472.17185537   -472.14558979   -472.13690654   -472.11388246   -472.11250618   -472.10739255   -472.08872571
      4.60   -472.24744025   -472.20631083   -472.17796109   -472.17157837   -472.14607074   -472.13634250   -472.11350137   -472.11208436   -472.10831701   -472.08871527
      4.62   -472.24693595   -472.20536859   -472.17738908   -472.17130592   -472.14653864   -472.13578903   -472.11314322   -472.11166464   -472.10917770   -472.08870076
      4.64   -472.24645098   -472.20443945   -472.17683264   -472.17103804   -472.14699306   -472.13524715   -472.11283952   -472.11125535   -472.10993664   -472.08868246
      4.66   -472.24598457   -472.20352355   -472.17629152   -472.17077475   -472.14743388   -472.13471748   -472.11267670   -472.11092162   -472.11044416   -472.08866062
      4.68   -472.24553594   -472.20262098   -472.17576544   -472.17051606   -472.14786113   -472.13420053   -472.11282148   -472.11090705   -472.11029179   -472.08863547
      4.70   -472.24510437   -472.20173186   -472.17525413   -472.17026199   -472.14827497   -472.13369657   -472.11329366   -472.11077425   -472.10989880   -472.08860725
      4.72   -472.24468916   -472.20085624   -472.17475732   -472.17001255   -472.14867559   -472.13320581   -472.11391527   -472.11048431   -472.10948381   -472.08857616
      4.74   -472.24428964   -472.19999420   -472.17427472   -472.16976772   -472.14906326   -472.13272840   -472.11457744   -472.11012945   -472.10906508   -472.08854241
      4.76   -472.24390518   -472.19914577   -472.17380604   -472.16952751   -472.14943827   -472.13226440   -472.11524083   -472.10974671   -472.10864647   -472.08850619
      4.78   -472.24353514   -472.19831100   -472.17335099   -472.16929189   -472.14980092   -472.13181389   -472.11589072   -472.10935079   -472.10822950   -472.08846769
      4.80   -472.24317894   -472.19748990   -472.17290927   -472.16906086   -472.15015152   -472.13137688   -472.11652091   -472.10894846   -472.10781501   -472.08842708
      4.82   -472.24283601   -472.19668249   -472.17248058   -472.16883439   -472.15049038   -472.13095340   -472.11712857   -472.10854330   -472.10740361   -472.08838453
      4.84   -472.24250581   -472.19588877   -472.17206463   -472.16861243   -472.15081783   -472.13054347   -472.11771234   -472.10813746   -472.10699575   -472.08834021
      4.86   -472.24218782   -472.19510873   -472.17166112   -472.16839497   -472.15113419   -472.13014714   -472.11827158   -472.10773236   -472.10659184   -472.08829426
      4.88   -472.24188154   -472.19434236   -472.17126975   -472.16818195   -472.15143976   -472.12976445   -472.11880597   -472.10732901   -472.10619222   -472.08824684
      4.90   -472.24158649   -472.19358963   -472.17089023   -472.16797333   -472.15173487   -472.12939553   -472.11931540   -472.10692818   -472.10579721   -472.08819809
      4.92   -472.24130221   -472.19285052   -472.17052225   -472.16776905   -472.15201982   -472.12904057   -472.11979975   -472.10653048   -472.10540707   -472.08814814
      4.94   -472.24102827   -472.19212499   -472.17016553   -472.16756907   -472.15229491   -472.12869987   -472.12025892   -472.10613645   -472.10502207   -472.08809712
      4.96   -472.24076425   -472.19141300   -472.16981977   -472.16737332   -472.15256044   -472.12837384   -472.12069268   -472.10574652   -472.10464242   -472.08804515
      4.98   -472.24050973   -472.19071450   -472.16948469   -472.16718175   -472.15281671   -472.12806312   -472.12110063   -472.10536108   -472.10426833   -472.08799235
      5.00   -472.24026435   -472.19002943   -472.16916000   -472.16699427   -472.15306400   -472.12776857   -472.12148214   -472.10498046   -472.10389998   -472.08793883
      5.02   -472.24002773   -472.18935775   -472.16884542   -472.16681083   -472.15330258   -472.12749143   -472.12183622   -472.10460498   -472.10353753   -472.08788470
      5.04   -472.23979951   -472.18869937   -472.16854067   -472.16663136   -472.15353274   -472.12723341   -472.12216142   -472.10423488   -472.10318111   -472.08783004
      5.06   -472.23957937   -472.18805424   -472.16824548   -472.16645577   -472.15375472   -472.12699681   -472.12245567   -472.10387043   -472.10283085   -472.08777496
      5.08   -472.23936698   -472.18742229   -472.16795958   -472.16628399   -472.15396880   -472.12678472   -472.12271615   -472.10351181   -472.10248685   -472.08771956
      5.10   -472.23916202   -472.18680342   -472.16768271   -472.16611596   -472.15417523   -472.12660102   -472.12293922   -472.10315922   -472.10214919   -472.08766390
      5.12   -472.23896421   -472.18619755   -472.16741460   -472.16595158   -472.15437425   -472.12645023   -472.12312059   -472.10281281   -472.10181792   -472.08760808
      5.14   -472.23877326   -472.18560460   -472.16715501   -472.16579078   -472.15456609   -472.12633694   -472.12325594   -472.10247271   -472.10149311   -472.08755217
      5.16   -472.23858891   -472.18502446   -472.16690369   -472.16563349   -472.15475100   -472.12626452   -472.12334213   -472.10213903   -472.10117477   -472.08749625
      5.18   -472.23841091   -472.18445703   -472.16666039   -472.16547962   -472.15492920   -472.12623361   -472.12337875   -472.10181185   -472.10086293   -472.08744037
      5.20   -472.23823899   -472.18390220   -472.16642488   -472.16532911   -472.15510090   -472.12624119   -472.12336906   -472.10149124   -472.10055759   -472.08738461
      5.22   -472.23807294   -472.18335985   -472.16619692   -472.16518186   -472.15526633   -472.12628101   -472.12331955   -472.10117724   -472.10025873   -472.08732904
      5.24   -472.23791253   -472.18282986   -472.16597628   -472.16503780   -472.15542569   -472.12634518   -472.12323833   -472.10086987   -472.09996632   -472.08727370
      5.26   -472.23775755   -472.18231210   -472.16576276   -472.16489686   -472.15557918   -472.12642589   -472.12313346   -472.10056914   -472.09968034   -472.08721866
      5.28   -472.23760779   -472.18180644   -472.16555613   -472.16475897   -472.15572700   -472.12651648   -472.12301182   -472.10027503   -472.09940072   -472.08716396
      5.30   -472.23746306   -472.18131273   -472.16535618   -472.16462404   -472.15586934   -472.12661171   -472.12287887   -472.09998752   -472.09912742   -472.08710966
      5.32   -472.23732317   -472.18083083   -472.16516273   -472.16449200   -472.15600639   -472.12670771   -472.12273871   -472.09970656   -472.09886036   -472.08705580
      5.34   -472.23718795   -472.18036059   -472.16497556   -472.16436279   -472.15613832   -472.12680171   -472.12259436   -472.09943211   -472.09859947   -472.08700242
      5.36   -472.23705722   -472.17990184   -472.16479449   -472.16423633   -472.15626532   -472.12689175   -472.12244797   -472.09916408   -472.09834466   -472.08694957
      5.38   -472.23693082   -472.17945443   -472.16461934   -472.16411255   -472.15638755   -472.12697648   -472.12230112   -472.09890242   -472.09809585   -472.08689727
      5.40   -472.23680859   -472.17901819   -472.16444993   -472.16399138   -472.15650517   -472.12705500   -472.12215496   -472.09864703   -472.09785293   -472.08684556
      5.42   -472.23669038   -472.17859294   -472.16428611   -472.16387275   -472.15661835   -472.12712671   -472.12201030   -472.09839781   -472.09761581   -472.08679448
      5.44   -472.23657605   -472.17817850   -472.16412770   -472.16375658   -472.15672724   -472.12719124   -472.12186772   -472.09815468   -472.09738439   -472.08674405
      5.46   -472.23646546   -472.17777469   -472.16397457   -472.16364280   -472.15683199   -472.12724839   -472.12172764   -472.09791751   -472.09715855   -472.08669429
      5.48   -472.23635847   -472.17738133   -472.16382657   -472.16353133   -472.15693275   -472.12729808   -472.12159036   -472.09768620   -472.09693817   -472.08664523
      5.50   -472.23625496   -472.17699822   -472.16368359   -472.16342208   -472.15702965   -472.12734033   -472.12145609   -472.09746063   -472.09672316   -472.08659689
      5.52   -472.23615480   -472.17662516   -472.16354551   -472.16331496   -472.15712283   -472.12737521   -472.12132497   -472.09724069   -472.09651338   -472.08654929
      5.54   -472.23605787   -472.17626197   -472.16341225   -472.16320985   -472.15721243   -472.12740286   -472.12119706   -472.09702625   -472.09630872   -472.08650245
      5.56   -472.23596407   -472.17590843   -472.16328375   -472.16310663   -472.15729858   -472.12742343   -472.12107243   -472.09681717   -472.09610906   -472.08645637
      5.58   -472.23587328   -472.17556435   -472.16315999   -472.16300514   -472.15738138   -472.12743711   -472.12095110   -472.09661334   -472.09591427   -472.08641108
      5.60   -472.23578540   -472.17522951   -472.16304098   -472.16290520   -472.15746098   -472.12744412   -472.12083305   -472.09641462   -472.09572424   -472.08636657
      5.62   -472.23570032   -472.17490372   -472.16292674   -472.16280658   -472.15753747   -472.12744469   -472.12071827   -472.09622089   -472.09553885   -472.08632287
      5.64   -472.23561796   -472.17458676   -472.16281733   -472.16270909   -472.15761098   -472.12743905   -472.12060670   -472.09603202   -472.09535796   -472.08627997
      5.66   -472.23553821   -472.17427841   -472.16271276   -472.16261255   -472.15768161   -472.12742744   -472.12049833   -472.09584786   -472.09518147   -472.08623788
      5.68   -472.23546099   -472.17397848   -472.16261290   -472.16251692   -472.15774946   -472.12741012   -472.12039308   -472.09566830   -472.09500925   -472.08619660
      5.70   -472.23538621   -472.17368675   -472.16251749   -472.16242234   -472.15781465   -472.12738732   -472.12029090   -472.09549321   -472.09484118   -472.08615614
      5.72   -472.23531380   -472.17340300   -472.16242610   -472.16232906   -472.15787725   -472.12735931   -472.12019172   -472.09532246   -472.09467714   -472.08611650
      5.74   -472.23524366   -472.17312704   -472.16233830   -472.16223740   -472.15793738   -472.12732632   -472.12009548   -472.09515592   -472.09451703   -472.08607768
      5.76   -472.23517570   -472.17285865   -472.16225364   -472.16214765   -472.15799511   -472.12728862   -472.12000212   -472.09499346   -472.09436072   -472.08603966
      5.78   -472.23510990   -472.17259762   -472.16217179   -472.16206003   -472.15805055   -472.12724643   -472.11991156   -472.09483497   -472.09420811   -472.08600246
      5.80   -472.23504616   -472.17234374   -472.16209247   -472.16197467   -472.15810376   -472.12720001   -472.11982373   -472.09468033   -472.09405908   -472.08596606
      5.82   -472.23498441   -472.17209683   -472.16201548   -472.16189165   -472.15815484   -472.12714958   -472.11973856   -472.09452942   -472.09391353   -472.08593046
      5.84   -472.23492458   -472.17185666   -472.16194067   -472.16181101   -472.15820387   -472.12709538   -472.11965599   -472.09438211   -472.09377135   -472.08589565
      5.86   -472.23486662   -472.17162305   -472.16186791   -472.16173275   -472.15825092   -472.12703764   -472.11957593   -472.09423831   -472.09363244   -472.08586163
      5.88   -472.23481046   -472.17139580   -472.16179712   -472.16165684   -472.15829606   -472.12697656   -472.11949834   -472.09409790   -472.09349670   -472.08582838
      5.90   -472.23475604   -472.17117472   -472.16172823   -472.16158325   -472.15833936   -472.12691237   -472.11942312   -472.09396077   -472.09336403   -472.08579590
      5.92   -472.23470331   -472.17095962   -472.16166116   -472.16151193   -472.15838090   -472.12684527   -472.11935022   -472.09382682   -472.09323432   -472.08576418
      5.94   -472.23465221   -472.17075031   -472.16159587   -472.16144283   -472.15842075   -472.12677548   -472.11927958   -472.09369595   -472.09310751   -472.08573320
      5.96   -472.23460269   -472.17054662   -472.16153231   -472.16137589   -472.15845895   -472.12670316   -472.11921113   -472.09356806   -472.09298349   -472.08570296
      5.98   -472.23455470   -472.17034836   -472.16147044   -472.16131106   -472.15849558   -472.12662853   -472.11914481   -472.09344304   -472.09286218   -472.08567344
      6.00   -472.23450819   -472.17015536   -472.16141022   -472.16124827   -472.15853070   -472.12655176   -472.11908055   -472.09332083   -472.09274349   -472.08564464
      6.02   -472.23446311   -472.16996746   -472.16135162   -472.16118746   -472.15856435   -472.12647303   -472.11901829   -472.09320131   -472.09262734   -472.08561653
      6.04   -472.23441942   -472.16978449   -472.16129459   -472.16112856   -472.15859661   -472.12639250   -472.11895798   -472.09308441   -472.09251365   -472.08558910
      6.06   -472.23437707   -472.16960629   -472.16123912   -472.16107155   -472.15862752   -472.12631034   -472.11889956   -472.09297004   -472.09240235   -472.08556235
      6.08   -472.23433602   -472.16943270   -472.16118516   -472.16101635   -472.15865714   -472.12622670   -472.11884298   -472.09285812   -472.09229336   -472.08553626
      6.10   -472.23429623   -472.16926358   -472.16113269   -472.16096290   -472.15868550   -472.12614174   -472.11878817   -472.09274857   -472.09218661   -472.08551080
      6.12   -472.23425759   -472.16909788   -472.16107001   -472.16090828   -472.15871250   -472.12605482   -472.11870729   -472.09264088   -472.09208158   -472.08548563
      6.14   -472.23422021   -472.16893726   -472.16102022   -472.16085817   -472.15873852   -472.12596764   -472.11865544   -472.09253587   -472.09197911   -472.08546144
      6.16   -472.23418397   -472.16878068   -472.16097182   -472.16080965   -472.15876343   -472.12587955   -472.11860523   -472.09243301   -472.09187868   -472.08543785
      6.18   -472.23414884   -472.16862800   -472.16092480   -472.16076269   -472.15878727   -472.12579066   -472.11855661   -472.09233223   -472.09178023   -472.08541484
      6.20   -472.23411478   -472.16847909   -472.16087911   -472.16071722   -472.15881008   -472.12570111   -472.11850953   -472.09223349   -472.09168369   -472.08539241
      6.22   -472.23408177   -472.16833383   -472.16083475   -472.16067320   -472.15883191   -472.12561099   -472.11846394   -472.09213670   -472.09158902   -472.08537054
      6.24   -472.23404976   -472.16819210   -472.16079167   -472.16063059   -472.15885279   -472.12552042   -472.11841981   -472.09204182   -472.09149615   -472.08534920
      6.26   -472.23401873   -472.16805378   -472.16074986   -472.16058933   -472.15887276   -472.12542950   -472.11837708   -472.09194878   -472.09140503   -472.08532840
      6.28   -472.23398865   -472.16791877   -472.16070928   -472.16054938   -472.15889185   -472.12533833   -472.11833572   -472.09185752   -472.09131561   -472.08530812
      6.30   -472.23395949   -472.16778694   -472.16066991   -472.16051071   -472.15891010   -472.12524700   -472.11829569   -472.09176801   -472.09122785   -472.08528835
      6.32   -472.23393122   -472.16765820   -472.16063172   -472.16047327   -472.15892754   -472.12515560   -472.11825694   -472.09168018   -472.09114169   -472.08526906
      6.34   -472.23390381   -472.16753245   -472.16059470   -472.16043701   -472.15894421   -472.12506421   -472.11821944   -472.09159398   -472.09105709   -472.08525025
      6.36   -472.23387724   -472.16740959   -472.16055880   -472.16040191   -472.15896012   -472.12497291   -472.11818314   -472.09150937   -472.09097400   -472.08523190
      6.38   -472.23385148   -472.16728952   -472.16052402   -472.16036792   -472.15897532   -472.12488177   -472.11814802   -472.09142630   -472.09089239   -472.08521401
      6.40   -472.23382651   -472.16717217   -472.16049031   -472.16033501   -472.15898983   -472.12479087   -472.11811404   -472.09134473   -472.09081221   -472.08519656
      6.42   -472.23380230   -472.16705744   -472.16045767   -472.16030314   -472.15900368   -472.12470027   -472.11808117   -472.09126462   -472.09073342   -472.08517953
      6.44   -472.23377883   -472.16694525   -472.16042606   -472.16027228   -472.15901689   -472.12461003   -472.11804936   -472.09118593   -472.09065600   -472.08516292
      6.46   -472.23375608   -472.16683553   -472.16039545   -472.16024240   -472.15902949   -472.12452023   -472.11801860   -472.09110861   -472.09057989   -472.08514671
      6.48   -472.23373403   -472.16672820   -472.16036583   -472.16021347   -472.15904150   -472.12443091   -472.11798884   -472.09103264   -472.09050507   -472.08513090
      6.50   -472.23371264   -472.16662320   -472.16033717   -472.16018545   -472.15905295   -472.12434216   -472.11796006   -472.09095797   -472.09043150   -472.08511546
      6.52   -472.23369192   -472.16652046   -472.16030945   -472.16015832   -472.15906386   -472.12425403   -472.11793224   -472.09088457   -472.09035915   -472.08510041
      6.54   -472.23367182   -472.16641994   -472.16028265   -472.16013205   -472.15907425   -472.12416663   -472.11790533   -472.09081241   -472.09028799   -472.08508569
      6.56   -472.23365234   -472.16632161   -472.16025673   -472.16010661   -472.15908414   -472.12408011   -472.11787933   -472.09074145   -472.09021800   -472.08507134
      6.58   -472.23363346   -472.16622549   -472.16023169   -472.16008198   -472.15909356   -472.12399473   -472.11785420   -472.09067165   -472.09014914   -472.08505732
      6.60   -472.23361516   -472.16613179   -472.16020751   -472.16005813   -472.15910251   -472.12391119   -472.11782993   -472.09060296   -472.09008138   -472.08504364
      6.62   -472.23359740   -472.16604131   -472.16018419   -472.16003505   -472.15911104   -472.12383194   -472.11780657   -472.09053528   -472.09001470   -472.08503027
      6.64   -472.23358012   -472.16595951   -472.16016183   -472.16001271   -472.15911916   -472.12377237   -472.11778434   -472.09046816   -472.08994908   -472.08501715
      6.66   -472.23355719   -472.16599102   -472.16014435   -472.15998973   -472.15912773   -472.12407853   -472.11777090   -472.09038894   -472.08988510   -472.08499984
      6.68   -472.23350438   -472.16613292   -472.16016486   -472.15998009   -472.15915402   -472.12464810   -472.11779544   -472.09022075   -472.08983097   -472.08909784
      6.70   -472.23348909   -472.16603814   -472.16014444   -472.15995974   -472.15916087   -472.12454860   -472.11777486   -472.09015626   -472.08976824   -472.08926850
      6.72   -472.23347426   -472.16594526   -472.16012473   -472.15994004   -472.15916734   -472.12444981   -472.11775495   -472.09009433   -472.08970648   -472.08943421
      6.74   -472.23345989   -472.16585424   -472.16010571   -472.15992097   -472.15917347   -472.12435183   -472.11773571   -472.09003360   -472.08964569   -472.08959558
      6.76   -472.23344597   -472.16576504   -472.16008737   -472.15990251   -472.15917927   -472.12425469   -472.11771712   -472.08997399   -472.08975278   -472.08958577
      6.78   -472.23343248   -472.16567760   -472.16006968   -472.15988466   -472.15918476   -472.12415843   -472.11769915   -472.08992021   -472.08990101   -472.08952679
      6.80   -472.23341925   -472.16559158   -472.16005202   -472.15986721   -472.15918969   -472.12406274   -472.11768072   -472.09005556   -472.08985640   -472.08946846
      6.82   -472.23340633   -472.16550720   -472.16003320   -472.15985015   -472.15919447   -472.12396811   -472.11765915   -472.09020047   -472.08979917   -472.08941115
      6.84   -472.23339407   -472.16542480   -472.16001736   -472.15983400   -472.15919909   -472.12387466   -472.11764297   -472.09034213   -472.08974305   -472.08935478
      6.86   -472.23338220   -472.16534399   -472.16000210   -472.15981838   -472.15920344   -472.12378220   -472.11762735   -472.09048012   -472.08968775   -472.08929925
      6.88   -472.23337069   -472.16526473   -472.15998742   -472.15980327   -472.15920754   -472.12369074   -472.11761228   -472.09061449   -472.08963327   -472.08924453
      6.90   -472.23335956   -472.16518698   -472.15997328   -472.15978868   -472.15921140   -472.12360031   -472.11759774   -472.09074536   -472.08957960   -472.08919062
      6.92   -472.23334877   -472.16511071   -472.15995968   -472.15977457   -472.15921502   -472.12351091   -472.11758371   -472.09087273   -472.08952673   -472.08913750
      6.94   -472.23333833   -472.16503588   -472.15994660   -472.15976093   -472.15921842   -472.12342257   -472.11757017   -472.09099670   -472.08947463   -472.08908514
      6.96   -472.23332822   -472.16496245   -472.15993402   -472.15974776   -472.15922161   -472.12333530   -472.11755712   -472.09111734   -472.08942331   -472.08903355
      6.98   -472.23331843   -472.16489040   -472.15992193   -472.15973504   -472.15922459   -472.12324912   -472.11754454   -472.09123474   -472.08937273   -472.08898270
      7.00   -472.23330896   -472.16481968   -472.15991031   -472.15972275   -472.15922738   -472.12316402   -472.11753242   -472.09134895   -472.08932290   -472.08893259
      7.02   -472.23329979   -472.16475027   -472.15989915   -472.15971089   -472.15922998   -472.12308003   -472.11752074   -472.09146005   -472.08927380   -472.08888319
      7.04   -472.23329092   -472.16468214   -472.15988844   -472.15969947   -472.15923241   -472.12299714   -472.11750948   -472.09156810   -472.08922541   -472.08883450
      7.06   -472.23328233   -472.16461525   -472.15987815   -472.15968842   -472.15923469   -472.12291537   -472.11749864   -472.09167317   -472.08917773   -472.08878651
      7.08   -472.23327392   -472.16454851   -472.15986803   -472.15967759   -472.15923666   -472.12283393   -472.11748798   -472.09177287   -472.08913034   -472.08873858
      7.10   -472.23326589   -472.16448403   -472.15985857   -472.15966732   -472.15923860   -472.12275440   -472.11747796   -472.09187216   -472.08908403   -472.08869195
      7.12   -472.23325808   -472.16442009   -472.15984748   -472.15965737   -472.15924034   -472.12267584   -472.11746523   -472.09196861   -472.08903819   -472.08864580
      7.14   -472.23325058   -472.16435793   -472.15983879   -472.15964783   -472.15924200   -472.12259856   -472.11745593   -472.09206241   -472.08899321   -472.08860048
      7.16   -472.23324332   -472.16429687   -472.15983047   -472.15963863   -472.15924353   -472.12252241   -472.11744699   -472.09215355   -472.08894888   -472.08855581
      7.18   -472.23323631   -472.16423690   -472.15982250   -472.15962978   -472.15924493   -472.12244738   -472.11743840   -472.09224210   -472.08890519   -472.08851176
      7.20   -472.23322945   -472.16417794   -472.15981480   -472.15962119   -472.15924621   -472.12237347   -472.11743009   -472.09232814   -472.08886210   -472.08846825
      7.22   -472.23322299   -472.16412014   -472.15980758   -472.15961304   -472.15924739   -472.12230068   -472.11742222   -472.09241167   -472.08881967   -472.08842551
      7.24   -472.23321667   -472.16406330   -472.15980061   -472.15960515   -472.15924846   -472.12222901   -472.11741462   -472.09249281   -472.08877783   -472.08838328
      7.26   -472.23321057   -472.16400745   -472.15979395   -472.15959755   -472.15924943   -472.12215844   -472.11740731   -472.09257160   -472.08873659   -472.08834165
      7.28   -472.23320469   -472.16395259   -472.15978759   -472.15959025   -472.15925031   -472.12208898   -472.11740031   -472.09264808   -472.08869593   -472.08830061
      7.30   -472.23319887   -472.16389837   -472.15978227   -472.15958315   -472.15925090   -472.12202063   -472.11739628   -472.09272226   -472.08865592   -472.08826019
      7.32   -472.23319335   -472.16384505   -472.15977458   -472.15957638   -472.15925153   -472.12195316   -472.11738648   -472.09279428   -472.08861623   -472.08822012
      7.34   -472.23318807   -472.16379300   -472.15976906   -472.15956990   -472.15925216   -472.12188697   -472.11738032   -472.09286421   -472.08857730   -472.08818077
      7.36   -472.23318298   -472.16374184   -472.15976380   -472.15956369   -472.15925272   -472.12182186   -472.11737446   -472.09293206   -472.08853891   -472.08814197
      7.38   -472.23317807   -472.16369156   -472.15975880   -472.15955773   -472.15925322   -472.12175781   -472.11736882   -472.09299789   -472.08850108   -472.08810370
      7.40   -472.23317334   -472.16364214   -472.15975403   -472.15955201   -472.15925365   -472.12169482   -472.11736342   -472.09306174   -472.08846379   -472.08806598
      7.42   -472.23316879   -472.16359357   -472.15974950   -472.15954653   -472.15925402   -472.12163288   -472.11735827   -472.09312366   -472.08842702   -472.08802877
      7.44   -472.23316441   -472.16354583   -472.15974520   -472.15954128   -472.15925434   -472.12157197   -472.11735334   -472.09318371   -472.08839078   -472.08799208
      7.46   -472.23316020   -472.16349890   -472.15974111   -472.15953625   -472.15925461   -472.12151210   -472.11734864   -472.09324193   -472.08835506   -472.08795591
      7.48   -472.23315605   -472.16345250   -472.15973673   -472.15953131   -472.15925475   -472.12145310   -472.11734348   -472.09329835   -472.08831658   -472.08792017
      7.50   -472.23315216   -472.16340715   -472.15973305   -472.15952671   -472.15925494   -472.12139525   -472.11733920   -472.09335306   -472.08828190   -472.08788499
      7.52   -472.23314842   -472.16336256   -472.15972956   -472.15952230   -472.15925510   -472.12133839   -472.11733512   -472.09340608   -472.08824772   -472.08785031
      7.54   -472.23314483   -472.16331873   -472.15972626   -472.15951809   -472.15925522   -472.12128252   -472.11733124   -472.09345745   -472.08821402   -472.08781611
      7.56   -472.23314139   -472.16327563   -472.15972315   -472.15951407   -472.15925531   -472.12122762   -472.11732755   -472.09350723   -472.08818081   -472.08778238
      7.58   -472.23313809   -472.16323325   -472.15972020   -472.15951023   -472.15925538   -472.12117367   -472.11732404   -472.09355545   -472.08814808   -472.08774912
      7.60   -472.23313489   -472.16319098   -472.15971709   -472.15950648   -472.15925522   -472.12111989   -472.11732006   -472.09360177   -472.08811576   -472.08771626
      7.62   -472.23313187   -472.16315002   -472.15971447   -472.15950299   -472.15925526   -472.12106783   -472.11731689   -472.09364701   -472.08808396   -472.08768392
      7.64   -472.23312897   -472.16310973   -472.15971200   -472.15949966   -472.15925528   -472.12101669   -472.11731388   -472.09369082   -472.08805261   -472.08765204
      7.66   -472.23312621   -472.16307011   -472.15970968   -472.15949649   -472.15925528   -472.12096647   -472.11731104   -472.09373323   -472.08802172   -472.08762060
      7.68   -472.23312357   -472.16303115   -472.15970750   -472.15949347   -472.15925528   -472.12091713   -472.11730835   -472.09377429   -472.08799126   -472.08758960
      7.70   -472.23312097   -472.16299270   -472.15970437   -472.15949048   -472.15925520   -472.12086850   -472.11730388   -472.09381419   -472.08795970   -472.08755894
      7.72   -472.23311856   -472.16295502   -472.15970248   -472.15948775   -472.15925519   -472.12082093   -472.11730152   -472.09385264   -472.08793013   -472.08752880
      7.74   -472.23311628   -472.16291796   -472.15970071   -472.15948516   -472.15925518   -472.12077420   -472.11729930   -472.09388986   -472.08790099   -472.08749908
      7.76   -472.23311411   -472.16288152   -472.15969907   -472.15948271   -472.15925517   -472.12072833   -472.11729721   -472.09392586   -472.08787227   -472.08746977
      7.78   -472.23311204   -472.16284569   -472.15969755   -472.15948040   -472.15925517   -472.12068327   -472.11729524   -472.09396069   -472.08784499   -472.08744089
      7.80   -472.23311008   -472.16281043   -472.15969613   -472.15947820   -472.15925517   -472.12063904   -472.11729341   -472.09399438   -472.08781709   -472.08741241
      7.82   -472.23310822   -472.16277575   -472.15969482   -472.15947612   -472.15925518   -472.12059561   -472.11729170   -472.09402694   -472.08778959   -472.08738432
      7.84   -472.23310647   -472.16274163   -472.15969362   -472.15947415   -472.15925520   -472.12055297   -472.11729011   -472.09405844   -472.08776250   -472.08735662
      7.86   -472.23310481   -472.16270808   -472.15969251   -472.15947229   -472.15925522   -472.12051111   -472.11728864   -472.09408891   -472.08773579   -472.08732932
      7.88   -472.23310325   -472.16267507   -472.15969151   -472.15947054   -472.15925527   -472.12047002   -472.11728727   -472.09411836   -472.08770948   -472.08730239
      7.90   -472.23310179   -472.16264260   -472.15969059   -472.15946889   -472.15925532   -472.12042967   -472.11728601   -472.09414683   -472.08768355   -472.08727585
      7.92   -472.23310041   -472.16261066   -472.15968976   -472.15946735   -472.15925539   -472.12039007   -472.11728486   -472.09417435   -472.08765799   -472.08724968
      7.94   -472.23309912   -472.16257923   -472.15968902   -472.15946590   -472.15925545   -472.12035119   -472.11728380   -472.09420094   -472.08763281   -472.08722388
      7.96   -472.23309792   -472.16254832   -472.15968835   -472.15946454   -472.15925556   -472.12031303   -472.11728284   -472.09422664   -472.08760800   -472.08719844
      7.98   -472.23309680   -472.16251791   -472.15968777   -472.15946328   -472.15925568   -472.12027556   -472.11728197   -472.09425147   -472.08758355   -472.08717336
      8.00   -472.23309577   -472.16248799   -472.15968726   -472.15946210   -472.15925583   -472.12023879   -472.11728119   -472.09427544   -472.08755946   -472.08714863
      8.02   -472.23309481   -472.16245855   -472.15968682   -472.15946100   -472.15925599   -472.12020269   -472.11728047   -472.09429860   -472.08753572   -472.08712425
      8.04   -472.23309393   -472.16242958   -472.15968645   -472.15945995   -472.15925618   -472.12016725   -472.11727985   -472.09432098   -472.08751233   -472.08710022
      8.06   -472.23309312   -472.16240109   -472.15968612   -472.15945902   -472.15925639   -472.12013246   -472.11727932   -472.09434259   -472.08748928   -472.08707653
      8.08   -472.23309239   -472.16237305   -472.15968589   -472.15945816   -472.15925662   -472.12009832   -472.11727886   -472.09436344   -472.08746658   -472.08705317
      8.10   -472.23309173   -472.16234546   -472.15968571   -472.15945737   -472.15925687   -472.12006480   -472.11727848   -472.09438358   -472.08744421   -472.08703014
      8.12   -472.23309114   -472.16231831   -472.15968559   -472.15945665   -472.15925715   -472.12003190   -472.11727817   -472.09440303   -472.08742217   -472.08700744
      8.14   -472.23309056   -472.16229156   -472.15968543   -472.15945597   -472.15925734   -472.11999952   -472.11727776   -472.09442154   -472.08740040   -472.08698498
      8.16   -472.23309004   -472.16226524   -472.15968536   -472.15945528   -472.15925758   -472.11996779   -472.11727748   -472.09443965   -472.08737794   -472.08696289
      8.18   -472.23308964   -472.16223938   -472.15968541   -472.15945476   -472.15925793   -472.11993667   -472.11727738   -472.09445714   -472.08735687   -472.08694114
      8.20   -472.23308931   -472.16221393   -472.15968551   -472.15945429   -472.15925831   -472.11990612   -472.11727734   -472.09447401   -472.08733611   -472.08691970
      8.22   -472.23308903   -472.16218888   -472.15968566   -472.15945389   -472.15925870   -472.11987613   -472.11727736   -472.09449029   -472.08731566   -472.08689856
      8.24   -472.23308881   -472.16216423   -472.15968585   -472.15945355   -472.15925913   -472.11984668   -472.11727743   -472.09450600   -472.08729552   -472.08687772
      8.26   -472.23308866   -472.16213998   -472.15968610   -472.15945325   -472.15925957   -472.11981778   -472.11727756   -472.09452114   -472.08727567   -472.08685718
      8.50   -472.23309017   -472.16187668   -472.15962665   -472.15945331   -472.15926652   -472.11950904   -472.11715197   -472.09466563   -472.08705922   -472.08663204
      9.00   -472.23310867   -472.16146093   -472.15964088   -472.15946748   -472.15928949   -472.11904026   -472.11716413   -472.09481913   -472.08671591   -472.08626936
      9.50   -472.23313627   -472.16116682   -472.15966573   -472.15948912   -472.15931565   -472.11873004   -472.11718998   -472.09488076   -472.08647387   -472.08601129
     10.00   -472.23316555   -472.16096021   -472.15969100   -472.15951587   -472.15934476   -472.11851496   -472.11721558   -472.09491788   -472.08630013   -472.08582340
     10.50   -472.23318884   -472.16080000   -472.15971549   -472.15954211   -472.15937171   -472.11835565   -472.11724365   -472.09494769   -472.08616759   -472.08567857
     11.00   -472.23321304   -472.16067842   -472.15973877   -472.15956770   -472.15939647   -472.11822892   -472.11726594   -472.09497561   -472.08606722   -472.08556460
     11.50   -472.23322940   -472.16057725   -472.15964003   -472.15958601   -472.15940481   -472.11812734   -472.11723996   -472.09499922   -472.08594990   -472.08546910
     12.00   -472.23324830   -472.16045357   -472.15966062   -472.15960572   -472.15942249   -472.11802539   -472.11725967   -472.09502100   -472.08587827   -472.08534891
