  3.0000   -472.01506158   -472.01067130      0.00518491      0.00518491
  3.0200   -472.01989245   -472.01454174      0.00635688      0.00635688
  3.0400   -472.02452328   -472.01830503      0.00741593      0.00741593
  3.0600   -472.02896757   -472.02195143      0.00839030      0.00839030
  3.0800   -472.03323268   -472.02546826      0.00930888      0.00930888
  3.1000   -472.03735592   -472.02892448      0.01012867      0.01012867
  3.1200   -472.04127696   -472.03226742      0.01083474      0.01083474
  3.1400   -472.04506203   -472.03553240      0.01147024      0.01147024
  3.1600   -472.04869002   -472.03871017      0.01202112      0.01202112
  3.1800   -472.05215146   -472.04177970      0.01250150      0.01250150
  3.2000   -472.05550731   -472.04480211      0.01291140      0.01291140
  3.2200   -472.05871763   -472.04772587      0.01326495      0.01326495
  3.2400   -472.06179261   -472.05057169      0.01354780      0.01354780
  3.2800   -472.06721463   -472.05580069      0.01378860      0.01378860
  3.3000   -472.06994606   -472.05844034      0.01390172      0.01390172
  3.3200   -472.07282317   -472.06117842      0.01407111      0.01407111
  3.3400   -472.07534624   -472.06369072      0.01408540      0.01408540
  3.3600   -472.07774495   -472.06611373      0.01405740      0.01405740
  3.3800   -472.07995353   -472.06845213      0.01390261      0.01390261
  3.4000   -472.08217342   -472.07077920      0.01377616      0.01377616
  3.4200   -472.08428961   -472.07302670      0.01362169      0.01362169
  3.4400   -472.08631107   -472.07521619      0.01342526      0.01342526
  3.4600   -472.08827403   -472.07731233      0.01327116      0.01327116
  3.4800   -472.09011976   -472.07937229      0.01301824      0.01301824
  3.5000   -472.09190156   -472.08140424      0.01272322      0.01272322
  3.5200   -472.09357981   -472.08335679      0.01240016      0.01240016
  3.5400   -472.09520567   -472.08526944      0.01206316      0.01206316
  3.5600   -472.09673687   -472.08712316      0.01168402      0.01168402
  3.5800   -472.09820657   -472.08891625      0.01130506      0.01130506
  3.6000   -472.09961245   -472.09068123      0.01088393      0.01088393
  3.6200   -472.10093569   -472.09237606      0.01044888      0.01044888
  3.6400   -472.10219726   -472.09401019      0.01001402      0.01001402
  3.6600   -472.10341598   -472.09562561      0.00955111      0.00955111
  3.6800   -472.10455159   -472.09717046      0.00907428      0.00907428
  3.7000   -472.10564583   -472.09867601      0.00858138      0.00858138
  3.7200   -472.10666875   -472.10011255      0.00808896      0.00808896
  3.7400   -472.10764136   -472.10152193      0.00758474      0.00758474
  3.7600   -472.10856461   -472.10289459      0.00706660      0.00706660
  3.7800   -472.10942636   -472.10420696      0.00654866      0.00654866
  3.8000   -472.11025721   -472.10548975      0.00603093      0.00603093
  3.8200   -472.11100582   -472.10670274      0.00549919      0.00549919
  3.8400   -472.11172388   -472.10788640      0.00496759      0.00496759
  3.8600   -472.11240344   -472.10902180      0.00445033      0.00445033
  3.8800   -472.11302187   -472.11009725      0.00393309      0.00393309
  3.9000   -472.11358209   -472.11111523      0.00341568      0.00341568
  3.9200   -472.11410587   -472.11208652      0.00291218      0.00291218
  3.9400   -472.11458352   -472.11300070      0.00242218      0.00242218
  3.9600   -472.11502338   -472.11385556      0.00195951      0.00195951
  3.9800   -472.11540860   -472.11463286      0.00152303      0.00152303
  4.0000   -472.11583102   -472.11541947      0.00111023      0.00111023
  4.0200   -472.11604846   -472.11594789      0.00077657      0.00077657
  4.0400   -472.11630743   -472.11646918      0.00046605      0.00046605
  4.0600   -472.11649585   -472.11686355      0.00024358      0.00024358
  4.0800   -472.11657560   -472.11707136      0.00007644      0.00007644
  4.1000   -472.11664520   -472.11724718     -0.00005034     -0.00005034
  4.1200   -472.11656847   -472.11724433     -0.00014112     -0.00014112
  4.1400   -472.11644936   -472.11719490     -0.00020876     -0.00020876
  4.1600   -472.11646566   -472.11723457     -0.00024847     -0.00024847
  4.1800   -472.11632228   -472.11714701     -0.00028897     -0.00028897
  4.2000   -472.11618611   -472.11702167     -0.00030759     -0.00030759
  4.2200   -472.11597186   -472.11682233     -0.00032309     -0.00032309
  4.2400   -472.11571223   -472.11658048     -0.00033657     -0.00033657
  4.2600   -472.11544274   -472.11630642     -0.00033950     -0.00033950
  4.2800   -472.11514503   -472.11602915     -0.00035117     -0.00035117
  4.3000   -472.11484289   -472.11572431     -0.00035287     -0.00035287
  4.3200   -472.11451339   -472.11541632     -0.00036385     -0.00036385
  4.3400   -472.11418817   -472.11508899     -0.00036515     -0.00036515
  4.3600   -472.11383715   -472.11475956     -0.00037606     -0.00037606
  4.3800   -472.11347622   -472.11439647     -0.00037738     -0.00037738
  4.4000   -472.11312289   -472.11406443     -0.00038846     -0.00038846
  4.4200   -472.11276186   -472.11370090     -0.00038997     -0.00038997
  4.4400   -472.11236840   -472.11330493     -0.00039148     -0.00039148
  4.4600   -472.11198011   -472.11293721     -0.00040296     -0.00040296
  4.4800   -472.11159042   -472.11254406     -0.00040500     -0.00040500
  4.5000   -472.11117470   -472.11214760     -0.00041722     -0.00041722
  4.5200   -472.11078527   -472.11175337     -0.00042000     -0.00042000
  4.5400   -472.11037276   -472.11135800     -0.00043339     -0.00043339
  4.5600   -472.10996404   -472.11098744     -0.00045786     -0.00045786
  4.5800   -472.10957670   -472.11058938     -0.00046378     -0.00046378
  4.6000   -472.10915640   -472.11017456     -0.00048322     -0.00048322
  4.6200   -472.10882645   -472.10985690     -0.00052056     -0.00052056
  4.6400   -472.10847799   -472.10951652     -0.00059994     -0.00059994
  4.6600   -472.10839462   -472.10922133     -0.00076524     -0.00076524
  4.6800   -472.10902182   -472.10907986     -0.00096086     -0.00096086
  4.7000   -472.10971696   -472.10865321     -0.00113254     -0.00113254
  4.7200   -472.11046400   -472.10821851     -0.00130860     -0.00130860
  4.7400   -472.11122299   -472.10787371     -0.00144595     -0.00144595
  4.7600   -472.11193183   -472.10746498     -0.00159857     -0.00159857
  4.7800   -472.11269760   -472.10714059     -0.00174425     -0.00174425
  4.8000   -472.11348915   -472.10691119     -0.00187149     -0.00187149
  4.8200   -472.11411167   -472.10652439     -0.00199816     -0.00199816
  4.8400   -472.11472849   -472.10613904     -0.00212398     -0.00212398
  4.8600   -472.11532411   -472.10576476     -0.00224231     -0.00224231
  4.8800   -472.11584866   -472.10537850     -0.00234739     -0.00234739
  4.9000   -472.11637155   -472.10499332     -0.00245202     -0.00245202
  4.9200   -472.11686359   -472.10460711     -0.00254982     -0.00254982
  4.9400   -472.11732576   -472.10422053     -0.00264091     -0.00264091
  4.9600   -472.11775810   -472.10383330     -0.00272526     -0.00272526
  4.9800   -472.11816074   -472.10344530     -0.00280283     -0.00280283
  5.0000   -472.11856536   -472.10308796     -0.00287348     -0.00287348
  5.0200   -472.11891190   -472.10272970     -0.00293186     -0.00293186
  5.0400   -472.11926109   -472.10237371     -0.00298823     -0.00298823
  5.0600   -472.11958596   -472.10202139     -0.00303695     -0.00303695
  5.0800   -472.11986303   -472.10167800     -0.00307289     -0.00307289
  5.1000   -472.12013413   -472.10135644     -0.00310083     -0.00310083
  5.1200   -472.12037347   -472.10105984     -0.00311584     -0.00311584
  5.1400   -472.12058007   -472.10075825     -0.00312259     -0.00312259
  5.1600   -472.12072770   -472.10045477     -0.00311673     -0.00311673
  5.1800   -472.12082047   -472.10015411     -0.00309912     -0.00309912
  5.2000   -472.12088697   -472.09988553     -0.00307075     -0.00307075
  5.2200   -472.12087437   -472.09956752     -0.00303693     -0.00303693
  5.2400   -472.12082191   -472.09926921     -0.00299442     -0.00299442
  5.2600   -472.12076097   -472.09896361     -0.00295224     -0.00295224
  5.2800   -472.12066578   -472.09868415     -0.00290306     -0.00290306
  5.3000   -472.12053770   -472.09837354     -0.00285547     -0.00285547
  5.3200   -472.12043971   -472.09809471     -0.00280952     -0.00280952
  5.3400   -472.12030949   -472.09781486     -0.00276155     -0.00276155
  5.3600   -472.12017880   -472.09753613     -0.00271533     -0.00271533
  5.3800   -472.12007665   -472.09728743     -0.00267086     -0.00267086
  5.4000   -472.11994255   -472.09700825     -0.00262821     -0.00262821
  5.4200   -472.11980772   -472.09675953     -0.00258406     -0.00258406
  5.4400   -472.11967187   -472.09651117     -0.00254184     -0.00254184
  5.4600   -472.11956530   -472.09629340     -0.00250155     -0.00250155
  5.4800   -472.11942828   -472.09604639     -0.00246305     -0.00246305
  5.5000   -472.11932014   -472.09582938     -0.00242625     -0.00242625
  5.5200   -472.11921138   -472.09558288     -0.00239416     -0.00239416
  5.5400   -472.11907136   -472.09536595     -0.00235764     -0.00235764
  5.5600   -472.11896497   -472.09518351     -0.00232256     -0.00232256
  5.5800   -472.11885354   -472.09496700     -0.00229200     -0.00229200
  5.6000   -472.11874337   -472.09475265     -0.00226314     -0.00226314
  5.6200   -472.11866217   -472.09456800     -0.00223558     -0.00223558
  5.6400   -472.11854964   -472.09438274     -0.00220661     -0.00220661
  5.6600   -472.11843683   -472.09419791     -0.00217904     -0.00217904
  5.6800   -472.11835386   -472.09401353     -0.00215547     -0.00215547
  5.7000   -472.11827160   -472.09383042     -0.00213302     -0.00213302
  5.7200   -472.11815772   -472.09367641     -0.00210660     -0.00210660
  5.7400   -472.11807422   -472.09349319     -0.00208661     -0.00208661
  5.7600   -472.11798969   -472.09333951     -0.00206511     -0.00206511
  5.7800   -472.11790487   -472.09318601     -0.00204467     -0.00204467
  5.8000   -472.11781964   -472.09300243     -0.00202772     -0.00202772
  5.8200   -472.11776458   -472.09287953     -0.00200927     -0.00200927
  5.8400   -472.11767888   -472.09272640     -0.00199176     -0.00199176
  5.8600   -472.11759279   -472.09257324     -0.00197516     -0.00197516
  5.8800   -472.11753720   -472.09242076     -0.00196176     -0.00196176
  5.9000   -472.11745063   -472.09229793     -0.00194449     -0.00194449
  5.9200   -472.11739457   -472.09217578     -0.00193037     -0.00193037
  5.9400   -472.11733789   -472.09202311     -0.00191929     -0.00191929
  5.9600   -472.11725079   -472.09190065     -0.00190435     -0.00190435
  5.9800   -472.11719386   -472.09177842     -0.00189238     -0.00189238
  6.0000   -472.11713665   -472.09165615     -0.00188107     -0.00188107
  6.0200   -472.11707949   -472.09153416     -0.00187038     -0.00187038
  6.0400   -472.11702189   -472.09141194     -0.00186030     -0.00186030
  6.0600   -472.11696431   -472.09128993     -0.00185080     -0.00185080
  6.0800   -472.11690657   -472.09119817     -0.00183969     -0.00183969
  6.1000   -472.11685265   -472.09108020     -0.00183129     -0.00183129
  6.1200   -472.11679765   -472.09099154     -0.00182126     -0.00182126
  6.1400   -472.11674217   -472.09087234     -0.00181385     -0.00181385
  6.1600   -472.11668758   -472.09078440     -0.00180480     -0.00180480
  6.1800   -472.11666255   -472.09069595     -0.00179830     -0.00179830
  6.2000   -472.11660599   -472.09057609     -0.00179222     -0.00179222
  6.2200   -472.11658004   -472.09048698     -0.00178654     -0.00178654
  6.2400   -472.11652377   -472.09039790     -0.00177918     -0.00177918
  6.2600   -472.11649789   -472.09030909     -0.00177427     -0.00177427
  6.2800   -472.11647067   -472.09021904     -0.00176970     -0.00176970
  6.3000   -472.11641334   -472.09012923     -0.00176345     -0.00176345
  6.3200   -472.11638628   -472.09003955     -0.00175955     -0.00175955
  6.3400   -472.11635854   -472.08994928     -0.00175596     -0.00175596
  6.3600   -472.11633102   -472.08988957     -0.00175067     -0.00175067
  6.3800   -472.11627261   -472.08979905     -0.00174566     -0.00174566
  6.4000   -472.11624466   -472.08970883     -0.00174294     -0.00174294
  6.4200   -472.11621676   -472.08964898     -0.00173849     -0.00173849
  6.4400   -472.11618831   -472.08955839     -0.00173628     -0.00173628
  6.4600   -472.11615965   -472.08946767     -0.00173430     -0.00173430
  6.4800   -472.11613154   -472.08940783     -0.00173060     -0.00173060
  6.5000   -472.11610275   -472.08934737     -0.00172712     -0.00172712
  6.5200   -472.11607366   -472.08925639     -0.00172581     -0.00172581
  6.5400   -472.11607445   -472.08919536     -0.00172469     -0.00172469
  6.5600   -472.11604463   -472.08910378     -0.00172378     -0.00172378
  6.5800   -472.11601567   -472.08904337     -0.00172111     -0.00172111
  6.6000   -472.11598665   -472.08898296     -0.00171865     -0.00171865
  6.6200   -472.11595793   -472.08892290     -0.00171638     -0.00171638
  6.6400   -472.11595830   -472.08883144     -0.00171816     -0.00171816
  6.6600   -472.11592544   -472.08876599     -0.00171096     -0.00171096
  6.6800   -472.11595999   -472.08858633     -0.00171527     -0.00171527
  6.7000   -472.11593015   -472.08852533     -0.00171370     -0.00171370
  6.7200   -472.11593047   -472.08846428     -0.00171422     -0.00171422
  6.7400   -472.11590036   -472.08840312     -0.00171304     -0.00171304
  6.7600   -472.11587039   -472.08834218     -0.00171218     -0.00171218
  6.7800   -472.11587063   -472.08831122     -0.00171039     -0.00171039
  6.8000   -472.11583929   -472.08842903     -0.00169180     -0.00169180
  6.8200   -472.11581411   -472.08858224     -0.00166703     -0.00166703
  6.8400   -472.11581889   -472.08870487     -0.00164601     -0.00164601
  6.8600   -472.11579340   -472.08885787     -0.00162137     -0.00162137
  6.8800   -472.11579824   -472.08898065     -0.00160051     -0.00160051
  6.9000   -472.11577276   -472.08913377     -0.00157616     -0.00157616
  6.9200   -472.11578657   -472.08926563     -0.00155554     -0.00155554
  6.9400   -472.11590064   -472.08949781     -0.00153503     -0.00153503
  6.9600   -472.11587515   -472.08962081     -0.00151292     -0.00151292
  6.9800   -472.11587962   -472.08974349     -0.00149262     -0.00149262
  7.0000   -472.11585426   -472.08983641     -0.00147248     -0.00147248
  7.0200   -472.11585901   -472.08995950     -0.00145252     -0.00145252
  7.0400   -472.11586375   -472.09008264     -0.00143270     -0.00143270
  7.0600   -472.11583847   -472.09017583     -0.00141308     -0.00141308
  7.0800   -472.11584305   -472.09026861     -0.00139527     -0.00139527
  7.1000   -472.11584740   -472.09036119     -0.00137751     -0.00137751
  7.1200   -472.11582197   -472.09048474     -0.00135664     -0.00135664
  7.1400   -472.11582647   -472.09057759     -0.00133919     -0.00133919
  7.1600   -472.11583098   -472.09067049     -0.00132181     -0.00132181
  7.1800   -472.11579204   -472.09075035     -0.00130297     -0.00130297
  7.2000   -472.11579682   -472.09081328     -0.00128745     -0.00128745
  7.2200   -472.11580167   -472.09090669     -0.00127057     -0.00127057
  7.2400   -472.11577554   -472.09099956     -0.00125232     -0.00125232
  7.2600   -472.11577975   -472.09106208     -0.00123729     -0.00123729
  7.2800   -472.11578758   -472.09115866     -0.00122091     -0.00122091
  7.3000   -472.11579157   -472.09122106     -0.00120612     -0.00120612
  7.3200   -472.11579580   -472.09131411     -0.00118991     -0.00118991
  7.3400   -472.11576979   -472.09137699     -0.00117395     -0.00117395
  7.3600   -472.11577372   -472.09143951     -0.00115971     -0.00115971
  7.3800   -472.11577742   -472.09150182     -0.00114553     -0.00114553
  7.4000   -472.11578134   -472.09156440     -0.00113141     -0.00113141
  7.4200   -472.11578538   -472.09162713     -0.00111744     -0.00111744
  7.4400   -472.11575957   -472.09169047     -0.00110223     -0.00110223
  7.4600   -472.11576380   -472.09175350     -0.00108861     -0.00108861
  7.4800   -472.11578659   -472.09183514     -0.00107512     -0.00107512
  7.5000   -472.11579024   -472.09189768     -0.00106175     -0.00106175
  7.5200   -472.11579386   -472.09196024     -0.00104854     -0.00104854
  7.5400   -472.11579734   -472.09199230     -0.00103681     -0.00103681
  7.5600   -472.11580083   -472.09205481     -0.00102389     -0.00102389
  7.5800   -472.11577381   -472.09211727     -0.00100982     -0.00100982
  7.6000   -472.11577784   -472.09215000     -0.00099853     -0.00099853
  7.6200   -472.11578211   -472.09221343     -0.00098613     -0.00098613
  7.6400   -472.11578527   -472.09224539     -0.00097514     -0.00097514
  7.6600   -472.11578679   -472.09227580     -0.00096461     -0.00096461
  7.6800   -472.11578841   -472.09233675     -0.00095296     -0.00095296
  7.7000   -472.11579143   -472.09236867     -0.00094235     -0.00094235
  7.7200   -472.11579441   -472.09240058     -0.00093180     -0.00093180
  7.7400   -472.11579772   -472.09246327     -0.00092018     -0.00092018
  7.7600   -472.11580097   -472.09249552     -0.00090995     -0.00090995
  7.7800   -472.11580427   -472.09252788     -0.00089991     -0.00089991
  7.8000   -472.11577649   -472.09255961     -0.00088886     -0.00088886
  7.8200   -472.11577919   -472.09259142     -0.00087900     -0.00087900
  7.8400   -472.11578224   -472.09262360     -0.00086926     -0.00086926
  7.8600   -472.11578484   -472.09265538     -0.00085972     -0.00085972
  7.8800   -472.11578790   -472.09268765     -0.00085034     -0.00085034
  7.9000   -472.11579102   -472.09272002     -0.00084112     -0.00084112
  7.9200   -472.11579342   -472.09275169     -0.00083199     -0.00083199
  7.9400   -472.11579500   -472.09278258     -0.00082306     -0.00082306
  7.9600   -472.11579753   -472.09281446     -0.00081434     -0.00081434
  7.9800   -472.11579968   -472.09281554     -0.00080677     -0.00080677
  8.0000   -472.11580182   -472.09284709     -0.00079825     -0.00079825
  8.0200   -472.11580381   -472.09287850     -0.00078978     -0.00078978
  8.0400   -472.11580574   -472.09290987     -0.00078144     -0.00078144
  8.0600   -472.11580770   -472.09291086     -0.00077429     -0.00077429
  8.0800   -472.11580967   -472.09294232     -0.00076619     -0.00076619
  8.1000   -472.11581202   -472.09297420     -0.00075826     -0.00075826
  8.1200   -472.11581383   -472.09297512     -0.00075147     -0.00075147
  8.1400   -472.11581591   -472.09300676     -0.00074375     -0.00074375
  8.1600   -472.11581769   -472.09303814     -0.00073613     -0.00073613
  8.1800   -472.11581995   -472.09303956     -0.00072964     -0.00072964
  8.2000   -472.11582163   -472.09307089     -0.00072231     -0.00072231
  8.2200   -472.11582322   -472.09307169     -0.00071606     -0.00071606
  8.2400   -472.11582483   -472.09310298     -0.00070889     -0.00070889
  8.2600   -472.11582665   -472.09310404     -0.00070280     -0.00070280
  8.5000   -472.11578747   -472.09333141     -0.00063013     -0.00063013
  9.0000   -472.11597490   -472.09366117     -0.00052910     -0.00052910
  9.5000   -472.11618821   -472.09389962     -0.00046880     -0.00046880
 10.0000   -472.11630283   -472.09401123     -0.00043154     -0.00043154
 10.5000   -472.11642541   -472.09412139     -0.00021884     -0.00021884
 11.0000   -472.11727857   -472.09497023     -0.00001259     -0.00001259
 11.5000   -472.11724853   -472.09500122     -0.00000294     -0.00000294
 12.0000   -472.11724854   -472.09503174      0.00000000      0.00000000
