      3.00         0.06575972     
      3.02         0.04072162     
      3.04         0.02770187     
      3.06         0.02073949     
      3.08         0.02465331     
      3.10         0.01058284     
      3.12         0.00841780     
      3.14         0.00706512     
      3.16         0.00614603     
      3.18         0.00558823     
      3.20         0.00535769     
      3.22         0.00521725     
      3.24         0.00302286     
      3.28        -0.00193182     
      3.30         0.00091968     
      3.32         0.00085250     
      3.34         0.00074084     
      3.36         0.00097885     
      3.38        -0.00170068     
      3.40        -0.00229102     
      3.42        -0.00327590     
      3.44        -0.00562594     
      3.46         0.00375851     
      3.48         0.00498238     
      3.50         0.00609244     
      3.52         0.00727987     
      3.54         0.00860256     
      3.56         0.01009446     
      3.58        -0.01181525     
      3.60         0.01378767     
      3.62         0.01610606     
      3.64        -0.01883693     
      3.66        -0.02208503     
      3.68        -0.02593473     
      3.70        -0.00002698     
      3.72        -0.03628369     
      3.74        -0.04333697     
      3.76        -0.05209585     
      3.78        -0.06328881     
      3.80        -0.07747860     
      3.82        -0.09595621     
      3.84        -0.12095760     
      3.86        -0.15469156     
      3.88         0.20172046     
      3.90         0.26942904     
      3.92        -0.37030785     
      3.94        -0.52673102     
      3.96        -0.78271895     
      3.98        -1.22944995     
      4.00        -2.07567512     
      4.02        -3.85444530     
      4.04        -7.96994625     
      4.06       -15.76680891     
      4.08        15.48948666     
      4.10         7.75113136     
      4.12         3.74282873     
      4.14         2.00301403     
      4.16         1.16050924     
      4.18         0.71298276     
      4.20         0.45703629     
      4.22         0.29769858     
      4.24         0.19017947     
      4.26         0.14739441     
      4.28         0.10600052     
      4.30         0.08610964     
      4.32         0.07338912     
      4.34         0.07111291     
      4.36        -0.06962224     
      4.38         0.07375106     
      4.40         0.07492918     
      4.42         0.08537198     
      4.44         0.07560230     
      4.46         0.10106917     
      4.48         0.11322952     
      4.50         0.12669564     
      4.52         0.16007434     
      4.54         0.18281502     
      4.56        -0.23686771     
      4.58         0.34522954     
      4.60        -0.54358995     
      4.62         1.01692182     
      4.64         2.32369061     
      4.66         8.58539785     
      4.68        14.66790141    
      4.70         8.79472343     
      4.72        -4.70771302     
      4.74        -2.76443499     
      4.76        -1.78689469     
      4.78        -1.24466302     
      4.80        -0.91822821     
      4.82        -0.70867979     
      4.84        -0.56655133     
      4.86        -0.46495953     
      4.88        -0.39160305     
      4.90        -0.33722311     
      4.92        -0.29545427     
      4.94        -0.26313537     
      4.96        -0.23803326     
      4.98        -0.21833706     
      5.00        -0.20322701     
      5.02        -0.19145142     
      5.04        -0.18320484     
      5.06        -0.17742950     
      5.08        -0.17378552     
      5.10        -0.17210370     
      5.12        -0.17174829     
      5.14        -0.17276088     
      5.16        -0.17318627     
      5.18        -0.17277472     
      5.20        -0.17138719     
      5.22        -0.16859948     
      5.24        -0.16477565     
      5.26        -0.16025035     
      5.28        -0.15452160     
      5.30        -0.14831372     
      5.32        -0.14270913     
      5.34        -0.13690751     
      5.36        -0.13160387     
      5.38        -0.12615351     
      5.40        -0.12068149     
      5.42        -0.11536067     
      5.44        -0.11023451     
      5.46        -0.10516160     
      5.48        -0.10069207     
      5.50        -0.09617031     
      5.52        -0.09196206     
      5.54        -0.08769995     
      5.56        -0.08488373     
      5.58        -0.07984704     
      5.60        -0.07644697     
      5.62        -0.07316161     
      5.64        -0.06979299     
      5.66        -0.06658133     
      5.68        -0.06353713     
      5.70        -0.06096078     
      5.72        -0.05770183     
      5.74        -0.05521861     
      5.76        -0.05272907     
      5.78         0.05032808     
      5.80        -0.04807657     
      5.82        -0.04585712     
      5.84        -0.04378412     
      5.86        -0.04178789     
      5.88        -0.03995309     
      5.90         0.03809730     
      5.92         0.03637027     
      5.94         0.03474455     
      5.96         0.03319451     
      5.98         0.03172653     
      6.00        -0.03029322     
      6.02        -0.02897597     
      6.04         0.02766040     
      6.06         0.02642402     
      6.08         0.02523420     
      6.10         0.02409947     
      6.12         0.02304935     
      6.14         0.02205333     
      6.16         0.02106836     
      6.18         0.02013808     
      6.20         0.01928036     
      6.22         0.01843956     
      6.24         0.01762554     
      6.26         0.01683513     
      6.28         0.01613184     
      6.30         0.01542239     
      6.32         0.01473841     
      6.34         0.01411999     
      6.36         0.01350751     
      6.38         0.01293600     
      6.40         0.01237168     
      6.42         0.01182880     
      6.44         0.01132653     
      6.46         0.01085378     
      6.48         0.01035786     
      6.50         0.00992820     
      6.52         0.00952997     
      6.54         0.00909520     
      6.56         0.00871805     
      6.58         0.00832788     
      6.60         0.00795118     
      6.62         0.00756753     
      6.64         0.00709097     
      6.66         0.02649405     
      6.68         0.00649598     
      6.70         0.00613629     
      6.72         0.00578346     
      6.74         0.00535863     
      6.76         0.00462290     
      6.78        -0.00873502    
      6.80        -0.02480547     
      6.82        -0.02496019     
      6.84        -0.02523028     
      6.86        -0.02528637     
      6.88        -0.02529840     
      6.90        -0.02536975     
      6.92        -0.02537023     
      6.94        -0.02537306     
      6.96        -0.02530963     
      6.98        -0.02557301     
      7.00        -0.02524926     
      7.02        -0.02530877     
      7.04        -0.02515316     
      7.06        -0.02503150     
      7.08        -0.02501632     
      7.10        -0.02516799     
      7.12        -0.02486900     
      7.14        -0.02494350     
      7.16        -0.02493642     
      7.18        -0.02485054     
      7.20        -0.02464663     
      7.22        -0.02432396     
      7.24        -0.02430752     
      7.26        -0.02407849     
      7.28        -0.02390083     
      7.30        -0.02404292     
      7.32        -0.02390189     
      7.34        -0.02336850     
      7.36        -0.02312013     
      7.38        -0.02334740     
      7.40        -0.02313159     
      7.42        -0.02294337     
      7.44        -0.02273342     
      7.46        -0.02240397     
      7.48        -0.02241313     
      7.50        -0.02212674     
      7.52        -0.02195339     
      7.54        -0.02169878     
      7.56        -0.02153377     
      7.58        -0.02130411     
      7.60        -0.02100380     
      7.62        -0.02070601     
      7.64        -0.02057250     
      7.66        -0.01886812     
      7.68        -0.02015305     
      7.70        -0.01990549     
      7.72        -0.01993424     
      7.74        -0.01950378     
      7.76        -0.01922828     
      7.78        -0.01877384     
      7.80        -0.01870256     
      7.82        -0.01880398     
      7.84        -0.01825425     
      7.86        -0.01803043     
      7.88        -0.01771091     
      7.90        -0.01737159     
      7.92        -0.01743693     
      7.94        -0.01661076     
      7.96        -0.01658358     
      7.98        -0.01637385     
      8.00        -0.01606093     
      8.02        -0.01625696     
      8.04        -0.01558160     
      8.06        -0.01562302     
      8.08        -0.01530910     
      8.10        -0.01493253     
      8.12        -0.01478683     
      8.14        -0.01467256     
      8.16        -0.01440924     
      8.18        -0.01408835     
      8.20        -0.01380928     
      8.22        -0.01364102     
      8.24        -0.01370766     
      8.26        -0.01311332     
      8.50        -0.01070879     
      9.00        -0.00664030     
      9.50        -0.00405150     
     10.00        -0.00263530     
     10.50        -0.03551945     
     11.00        -0.00146501     
     11.50        -0.00026282     
     12.00        -0.00026531     
