    2.1000   -363.19176193   -363.10577515   -362.96581631   -362.91731002   -362.85097316   -362.78637099   -362.72467827   -362.71072002   -362.69341048   -362.65902600    
    2.2000   -363.35341813   -363.24418014   -363.10300482   -363.05558950   -363.01202095   -362.94746580   -362.89583654   -362.87584813   -362.87309966   -362.82358048    
    2.3000   -363.47423275   -363.34664010   -363.20351267   -363.15686123   -363.13256622   -363.06897605   -363.03591079   -363.00923026   -363.00111352   -362.96223236    
    2.4000   -363.56367521   -363.42146527   -363.27620081   -363.23019260   -363.22173151   -363.16340677   -363.14568841   -363.10910000   -363.10775210   -363.07370252    
    2.5000   -363.62900851   -363.47483314   -363.32781860   -363.28929182   -363.27972830   -363.24618729   -363.22037847   -363.19750230   -363.18299021   -363.16150712    
    2.6000   -363.67584401   -363.51177538   -363.36401031   -363.33631912   -363.31980398   -363.31141513   -363.27264733   -363.26853364   -363.24198393   -363.22827048    
    2.7000   -363.70851337   -363.53622531   -363.39024488   -363.37264543   -363.36874451   -363.33815489   -363.32509407   -363.31355867   -363.29035177   -363.27576709    
    2.8000   -363.73035791   -363.55124024   -363.42104544   -363.40497117   -363.38934484   -363.37006710   -363.36088634   -363.34326340   -363.32931425   -363.30863312    
    2.9000   -363.74395246   -363.55921049   -363.45571180   -363.42048158   -363.40581350   -363.40104883   -363.38969427   -363.36181886   -363.35625036   -363.33045582    
      3.00   -363.75176949   -363.56243645   -363.48510870   -363.43492229   -363.43265103   -363.42057254   -363.40572397   -363.38781785   -363.36620041   -363.34532480
      3.02   -363.75264904   -363.56253220   -363.49010700   -363.43986546   -363.43447286   -363.42533821   -363.40704542   -363.39184817   -363.36784222   -363.34708306
      3.04   -363.75335226   -363.56248872   -363.49489597   -363.44459153   -363.43618605   -363.43000108   -363.40852417   -363.39535166   -363.36942974   -363.34860487
      3.06   -363.75388921   -363.56231297   -363.49948574   -363.44911094   -363.43782402   -363.43450960   -363.41035901   -363.39817603   -363.37094754   -363.34990888
      3.08   -363.75426725   -363.56200259   -363.50388943   -363.45343096   -363.43968580   -363.43855932   -363.41266664   -363.40024499   -363.37237616   -363.35102917
      3.10   -363.75449708   -363.56159308   -363.50810661   -363.45755874   -363.44339256   -363.44052439   -363.41540217   -363.40166619   -363.37371047   -363.35201525
      3.12   -363.75458769   -363.56109158   -363.51214556   -363.46150412   -363.44745365   -363.44190433   -363.41839718   -363.40262735   -363.37493400   -363.35288376
      3.14   -363.75454669   -363.56050220   -363.51601463   -363.46527542   -363.45140688   -363.44317107   -363.42149810   -363.40330453   -363.37603107   -363.35365623
      3.16   -363.75438184   -363.55983173   -363.51972150   -363.46888078   -363.45522827   -363.44436049   -363.42460641   -363.40382078   -363.37698965   -363.35435692
      3.18   -363.75410013   -363.55908640   -363.52327203   -363.47232703   -363.45891427   -363.44548395   -363.42766295   -363.40425198   -363.37779925   -363.35501132
      3.20   -363.75353394   -363.55799133   -363.52673153   -363.47564305   -363.46247408   -363.44627348   -363.43063376   -363.40456068   -363.37825690   -363.35581078   
      3.22   -363.75303491   -363.55712253   -363.52998248   -363.47879405   -363.46589319   -363.44730646   -363.43350757   -363.40495764   -363.37875132   -363.35655027   
      3.24   -363.75243777   -363.55620448   -363.53309025   -363.48180615   -363.46918631   -363.44830005   -363.43626816   -363.40537124   -363.37909585   -363.35732786   
      3.26   -363.75163730   -363.55511446   -363.53584138   -363.48448288   -363.47214526   -363.44886171   -363.43875012   -363.40563944   -363.37909958   -363.35783588   
      3.28   -363.75086074   -363.55413729   -363.53866135   -363.48723563   -363.47519760   -363.44980513   -363.44126248   -363.40611954   -363.37916852   -363.35863658   
      3.30   -363.75000382   -363.55316890   -363.54131651   -363.48986677   -363.47813613   -363.45074080   -363.44363966   -363.40663229   -363.37912656   -363.35942439   
      3.32   -363.74907209   -363.55227376   -363.54375361   -363.49238161   -363.48096494   -363.45168650   -363.44586928   -363.40717506   -363.37899184   -363.36019032   
      3.34   -363.74807077   -363.55163626   -363.54579902   -363.49478525   -363.48368795   -363.45266930   -363.44792995   -363.40774347   -363.37878317   -363.36093014   
      3.36   -363.74700477   -363.55176598   -363.54695323   -363.49708261   -363.48630896   -363.45372986   -363.44978691   -363.40833229   -363.37851901   -363.36164250   
      3.38   -363.74587864   -363.55303161   -363.54685707   -363.49927847   -363.48883164   -363.45491623   -363.45139795   -363.40893605   -363.37821658   -363.36232766   
      3.40   -363.74469666   -363.55487112   -363.54608148   -363.50137742   -363.49125950   -363.45625021   -363.45274707   -363.40954940   -363.37789116   -363.36298679   
      3.42   -363.74346273   -363.55685235   -363.54506702   -363.50338374   -363.49359598   -363.45769527   -363.45387643   -363.41016739   -363.37755528   -363.36362149   
      3.44   -363.74218042   -363.55883790   -363.54395882   -363.50530121   -363.49584431   -363.45918450   -363.45485850   -363.41078542   -363.37721822   -363.36423305   
      3.46   -363.74085266   -363.56078248   -363.54280884   -363.50713256   -363.49800690   -363.46066333   -363.45575154   -363.41139941   -363.37688685   -363.36482108   
      3.48   -363.73948167   -363.56266782   -363.54164199   -363.50887941   -363.50008482   -363.46209882   -363.45658817   -363.41200695   -363.37657084   -363.36538295   
      3.50   -363.73806972   -363.56448718   -363.54047351   -363.51054460   -363.50208004   -363.46347409   -363.45738536   -363.41260770   -363.37628308   -363.36591765   
      3.52   -363.73661980   -363.56623971   -363.53931306   -363.51213261   -363.50399618   -363.46478174   -363.45815435   -363.41320123   -363.37603075   -363.36642723   
      3.54   -363.73513512   -363.56792647   -363.53816732   -363.51364755   -363.50583675   -363.46601858   -363.45890250   -363.41378617   -363.37581474   -363.36691361   
      3.56   -363.73361863   -363.56954905   -363.53704158   -363.51509272   -363.50760444   -363.46718337   -363.45963414   -363.41436099   -363.37563401   -363.36737712   
      3.58   -363.73207303   -363.57110925   -363.53594038   -363.51647094   -363.50930156   -363.46827632   -363.46035159   -363.41492444   -363.37548748   -363.36781680   
      3.60   -363.73050086   -363.57260901   -363.53486780   -363.51778486   -363.51093025   -363.46929893   -363.46105563   -363.41547563   -363.37537470   -363.36823089   
      3.62   -363.72890451   -363.57405025   -363.53382761   -363.51903700   -363.51249264   -363.47025375   -363.46174573   -363.41601391   -363.37529606   -363.36861699   
      3.64   -363.72728626   -363.57543495   -363.53282325   -363.52022980   -363.51399074   -363.47114431   -363.46242022   -363.41653883   -363.37525295   -363.36897232   
      3.66   -363.72564822   -363.57676502   -363.53185790   -363.52136559   -363.51542649   -363.47197501   -363.46307638   -363.41705010   -363.37524773   -363.36929402   
      3.68   -363.72399237   -363.57804236   -363.53093447   -363.52244659   -363.51680163   -363.47275121   -363.46371044   -363.41754750   -363.37528351   -363.36957974   
      3.70   -363.72232050   -363.57926879   -363.53005564   -363.52347491   -363.51811767   -363.47347922   -363.46431766   -363.41803090   -363.37536375   -363.36982849   
      3.72   -363.72063413   -363.58044613   -363.52922396   -363.52445250   -363.51937573   -363.47416633   -363.46489231   -363.41850022   -363.37549175   -363.37004186   
      3.74   -363.71893433   -363.58157616   -363.52844212   -363.52538118   -363.52057619   -363.47482069   -363.46542782   -363.41895549   -363.37567047   -363.37022541   
      3.76   -363.71722128   -363.58266084   -363.52771423   -363.52626195   -363.52171788   -363.47545113   -363.46591678   -363.41939691   -363.37590283   -363.37039011   
      3.78   -363.71549371   -363.58370279   -363.52714469   -363.52699900   -363.52279540   -363.47606660   -363.46635095   -363.41982526   -363.37619197   -363.37055396   
      3.80   -363.71375049   -363.58470602   -363.52789993   -363.52645136   -363.52378748   -363.47667497   -363.46672164   -363.42024209   -363.37653652   -363.37074380   
      3.82   -363.71199984   -363.58567329   -363.52865296   -363.52606756   -363.52458171   -363.47728329   -363.46702334   -363.42064735   -363.37691775   -363.37099726   
      3.84   -363.71025565   -363.58660158   -363.52936819   -363.52630954   -363.52475818   -363.47790054   -363.46725591   -363.42103720   -363.37731956   -363.37136026   
      3.86   -363.70851944   -363.58748898   -363.53004558   -363.52705164   -363.52444114   -363.47853446   -363.46741802   -363.42140969   -363.37775119   -363.37186894   
      3.88   -363.70678793   -363.58833711   -363.53068619   -363.52787452   -363.52404740   -363.47918916   -363.46750770   -363.42176539   -363.37822638   -363.37252371   
      3.90   -363.70505956   -363.58914815   -363.53129143   -363.52868771   -363.52366599   -363.47986639   -363.46752505   -363.42210501   -363.37875655   -363.37328318   
      3.92   -363.70333422   -363.58992399   -363.53186278   -363.52947283   -363.52331427   -363.48056632   -363.46747238   -363.42242900   -363.37935220   -363.37408593   
      3.94   -363.70161248   -363.59066623   -363.53240166   -363.53022499   -363.52299615   -363.48128800   -363.46735360   -363.42273752   -363.38002182   -363.37487590   
      3.96   -363.69989515   -363.59137623   -363.53290942   -363.53094286   -363.52271175   -363.48202957   -363.46717370   -363.42303061   -363.38076861   -363.37561470   
      3.98   -363.69818316   -363.59205526   -363.53338740   -363.53162643   -363.52245979   -363.48278874   -363.46693828   -363.42330827   -363.38158776   -363.37628362   
      4.00   -363.69647745   -363.59270448   -363.53383688   -363.53227618   -363.52223840   -363.48356290   -363.46665318   -363.42357044   -363.38246688   -363.37687976   
      4.02   -363.69477895   -363.59332499   -363.53425914   -363.53289276   -363.52204543   -363.48434939   -363.46632429   -363.42381704   -363.38338945   -363.37740978   
      4.04   -363.69308857   -363.59391783   -363.53465551   -363.53347690   -363.52187861   -363.48514559   -363.46595731   -363.42404799   -363.38433878   -363.37788394   
      4.06   -363.69140720   -363.59448400   -363.53502735   -363.53402922   -363.52173569   -363.48594903   -363.46555771   -363.42426322   -363.38530053   -363.37831240   
      4.08   -363.68973568   -363.59502447   -363.53537624   -363.53455014   -363.52161443   -363.48675739   -363.46513062   -363.42446264   -363.38626349   -363.37870364   
      4.10   -363.68807485   -363.59554016   -363.53570420   -363.53503960   -363.52151271   -363.48756855   -363.46468080   -363.42464618   -363.38721938   -363.37906420   
      4.12   -363.68642548   -363.59603197   -363.53601427   -363.53549644   -363.52142848   -363.48838058   -363.46421267   -363.42481380   -363.38816226   -363.37939889   
      4.14   -363.68478834   -363.59650077   -363.53631202   -363.53591695   -363.52135984   -363.48919170   -363.46373026   -363.42496545   -363.38908803   -363.37971120   
      4.16   -363.68316415   -363.59694739   -363.53660826   -363.53629209   -363.52130501   -363.49000033   -363.46323725   -363.42510111   -363.38999389   -363.38000364   
      4.18   -363.68155362   -363.59737267   -363.53691697   -363.53660962   -363.52126235   -363.49080503   -363.46273699   -363.42522079   -363.39087798   -363.38027801   
      4.20   -363.67995744   -363.59777742   -363.53723801   -363.53687131   -363.52123033   -363.49160448   -363.46223248   -363.42532449   -363.39173917   -363.38053562   
      4.22   -363.67837629   -363.59816243   -363.53755697   -363.53709318   -363.52120757   -363.49239750   -363.46172643   -363.42541228   -363.39257678   -363.38077744   
      4.24   -363.67681087   -363.59852853   -363.53786323   -363.53728729   -363.52119278   -363.49318299   -363.46122126   -363.42548422   -363.39339054   -363.38100427   
      4.26   -363.67526194   -363.59887659   -363.53815231   -363.53745954   -363.52118480   -363.49395994   -363.46071911   -363.42554043   -363.39418048   -363.38121695   
      4.28   -363.67373036   -363.59920755   -363.53842255   -363.53761278   -363.52118250   -363.49472737   -363.46022181   -363.42558101   -363.39494682   -363.38141649   
      4.30   -363.67221723   -363.59952257   -363.53867347   -363.53774855   -363.52118477   -363.49548431   -363.45973091   -363.42560609   -363.39568996   -363.38160444   
      4.32   -363.67072382   -363.59982298   -363.53890509   -363.53786762   -363.52119049   -363.49622989   -363.45924760   -363.42561579   -363.39641045   -363.38178271   
      4.34   -363.66925105   -363.60011000   -363.53911779   -363.53797032   -363.52119854   -363.49696375   -363.45877262   -363.42561027   -363.39710884   -363.38195168   
      4.36   -363.66779817   -363.60038327   -363.53931228   -363.53805726   -363.52120828   -363.49768676   -363.45830653   -363.42558996   -363.39778551   -363.38210620   
      4.38   -363.66636265   -363.60063953   -363.53948954   -363.53813075   -363.52121980   -363.49840012   -363.45785078   -363.42555564   -363.39844118   -363.38223799   
      4.40   -363.66494265   -363.60087634   -363.53965082   -363.53819467   -363.52123335   -363.49910375   -363.45740761   -363.42550779   -363.39907666   -363.38234924   
      4.42   -363.66353901   -363.60109561   -363.53979776   -363.53825093   -363.52124935   -363.49979661   -363.45697857   -363.42544674   -363.39969103   -363.38244873   
      4.44   -363.66215394   -363.60129973   -363.53993037   -363.53829832   -363.52126749   -363.50047660   -363.45656380   -363.42537295   -363.40028360   -363.38253821   
      4.46   -363.66078862   -363.60149008   -363.54004841   -363.53833597   -363.52128705   -363.50114268   -363.45616306   -363.42528683   -363.40085494   -363.38261671   
      4.48   -363.65944349   -363.60166752   -363.54015210   -363.53836387   -363.52130741   -363.50179471   -363.45577617   -363.42518880   -363.40140605   -363.38268313   
      4.50   -363.65811849   -363.60183239   -363.54024151   -363.53838193   -363.52132791   -363.50243229   -363.45540259   -363.42507912   -363.40193659   -363.38273599   
      4.52   -363.65681435   -363.60198590   -363.54031781   -363.53839143   -363.52134855   -363.50305633   -363.45504314   -363.42495876   -363.40244998   -363.38277603   
      4.54   -363.65553096   -363.60212818   -363.54038115   -363.53839240   -363.52136888   -363.50366634   -363.45469720   -363.42482805   -363.40294560   -363.38280218   
      4.56   -363.65426847   -363.60225970   -363.54043205   -363.53838528   -363.52138869   -363.50426230   -363.45436459   -363.42468761   -363.40342409   -363.38281407   
      4.58   -363.65302704   -363.60238087   -363.54047101   -363.53837050   -363.52140782   -363.50484421   -363.45404505   -363.42453803   -363.40388604   -363.38281136   
      4.60   -363.65180679   -363.60249210   -363.54049853   -363.53834848   -363.52142612   -363.50541205   -363.45373829   -363.42437993   -363.40433201   -363.38279368   
      4.62   -363.65060798   -363.60259364   -363.54051492   -363.53831960   -363.52144340   -363.50596575   -363.45344370   -363.42421340   -363.40476270   -363.38276096   
      4.64   -363.64943050   -363.60268608   -363.54052098   -363.53828433   -363.52145971   -363.50650540   -363.45316140   -363.42404006   -363.40517826   -363.38271165   
      4.80   -363.64088243   -363.60331544   -363.54041800   -363.53796886   -363.52168535   -363.51054256   -363.45138267   -363.42270306   -363.40818912   -363.38292989   
      5.00   -363.63193112   -363.60333270   -363.53942556   -363.53701900   -363.52171255   -363.51422966   -363.44974831   -363.42061235   -363.41076429   -363.38089928   
      5.50   -363.61650276   -363.60085644   -363.53485828   -363.53319992   -363.52059350   -363.51800579   -363.44641986   -363.41568756   -363.41288093   -363.37994947
      5.52   -363.61609701   -363.60078354   -363.53470264   -363.53307818   -363.52058429   -363.51813403   -363.44634434   -363.41558873   -363.41292581   -363.38049903
      5.54   -363.61570225   -363.60071030   -363.53454782   -363.53295702   -363.52057523   -363.51825756   -363.44627012   -363.41549662   -363.41296389   -363.38104332
      5.56   -363.61531818   -363.60063681   -363.53439390   -363.53283646   -363.52056634   -363.51837653   -363.44619716   -363.41541146   -363.41299497   -363.38158139
      5.58   -363.61494448   -363.60056313   -363.53424095   -363.53271653   -363.52055760   -363.51849108   -363.44612542   -363.41533344   -363.41301892   -363.38211247
      5.60   -363.61458087   -363.60048934   -363.53408904   -363.53259725   -363.52054904   -363.51860135   -363.44605484   -363.41526269   -363.41303563   -363.38263591
      5.62   -363.61422704   -363.60041552   -363.53393822   -363.53247866   -363.52054065   -363.51870751   -363.44598540   -363.41519928   -363.41304508   -363.38315119
      5.64   -363.61388273   -363.60034173   -363.53378856   -363.53236078   -363.52053244   -363.51880967   -363.44591706   -363.41514317   -363.41304733   -363.38365789
      5.66   -363.61354764   -363.60026804   -363.53364011   -363.53224362   -363.52052442   -363.51890798   -363.44584978   -363.41509422   -363.41304257   -363.38415566
      5.68   -363.61322150   -363.60019453   -363.53349292   -363.53212721   -363.52051660   -363.51900258   -363.44578353   -363.41505215   -363.41303107   -363.38464422
      5.70   -363.61290404   -363.60012125   -363.53334704   -363.53201157   -363.52050897   -363.51909358   -363.44571829   -363.41501660   -363.41301325   -363.38512340
      5.72   -363.61259501   -363.60004826   -363.53320250   -363.53189671   -363.52050155   -363.51918112   -363.44565402   -363.41498709   -363.41298959   -363.38559303
      5.74   -363.61229415   -363.59997563   -363.53305935   -363.53178266   -363.52049434   -363.51926533   -363.44559070   -363.41496306   -363.41296067   -363.38605301
      5.76   -363.61200120   -363.59990340   -363.53291762   -363.53166942   -363.52048734   -363.51934631   -363.44552831   -363.41494392   -363.41292710   -363.38650325
      5.78   -363.61171591   -363.59983163   -363.53277733   -363.53155702   -363.52048056   -363.51942418   -363.44546682   -363.41492905   -363.41288952   -363.38694374
      5.80   -363.61143807   -363.59976037   -363.53263853   -363.53144546   -363.52047399   -363.51949905   -363.44540622   -363.41491783   -363.41284855   -363.38737446
      5.82   -363.61116742   -363.59968967   -363.53250123   -363.53133476   -363.52046766   -363.51957104   -363.44534648   -363.41490968   -363.41280477   -363.38779544
      5.84   -363.61090375   -363.59961957   -363.53236545   -363.53122492   -363.52046155   -363.51964024   -363.44528759   -363.41490407   -363.41275874   -363.38820670
      5.86   -363.61064683   -363.59955011   -363.53223122   -363.53111596   -363.52045566   -363.51970675   -363.44522952   -363.41490049   -363.41271096   -363.38860829
      5.88   -363.61039645   -363.59948133   -363.53209854   -363.53100789   -363.52045002   -363.51977067   -363.44517227   -363.41489852   -363.41266187   -363.38900032
      5.90   -363.61015240   -363.59941327   -363.53196742   -363.53090071   -363.52044461   -363.51983208   -363.44511580   -363.41489776   -363.41261186   -363.38938286
      5.92   -363.60991449   -363.59934595   -363.53183789   -363.53079443   -363.52043944   -363.51989109   -363.44506012   -363.41489788   -363.41256126   -363.38975601
      5.94   -363.60968251   -363.59927942   -363.53170994   -363.53068905   -363.52043452   -363.51994775   -363.44500520   -363.41489860   -363.41251037   -363.39011986
      5.96   -363.60945628   -363.59921369   -363.53158358   -363.53058458   -363.52042986   -363.52000216   -363.44495102   -363.41489966   -363.41245942   -363.39047455
      5.98   -363.60923561   -363.59914880   -363.53145881   -363.53048103   -363.52042547   -363.52005438   -363.44489758   -363.41490087   -363.41240861   -363.39082019
      6.00   -363.60974860   -363.59972895   -363.53178245   -363.53091900   -363.52067467   -363.52061642   -363.44505390   -363.41540692   -363.41270738   -363.39357674
      6.02   -363.60953647   -363.59966313   -363.53165560   -363.53081462   -363.52067837   -363.52065136   -363.44499924   -363.41540694   -363.41265518   -363.39391382
      6.04   -363.60932928   -363.59959825   -363.53153038   -363.53071123   -363.52071178   -363.52065543   -363.44494556   -363.41540643   -363.41260375   -363.39424186
      6.06   -363.60912688   -363.59953436   -363.53140681   -363.53060886   -363.52075234   -363.52065128   -363.44489283   -363.41540528   -363.41255307   -363.39456089
      6.08   -363.60892911   -363.59947105   -363.53128470   -363.53050731   -363.52079146   -363.52064604   -363.44483982   -363.41540317   -363.41250181   -363.39486855
      6.10   -363.60873626   -363.59940911   -363.53116466   -363.53040709   -363.52083004   -363.52064159   -363.44478947   -363.41539948   -363.41245381   -363.39516707
      6.12   -363.60834494   -363.59910708   -363.53074770   -363.53000284   -363.52051769   -363.52033018   -363.44440450   -363.41511641   -363.41195836   -363.39617793
      6.14   -363.60815960   -363.59904690   -363.53063005   -363.52990394   -363.52055330   -363.52032476   -363.44435327   -363.41511220   -363.41190905   -363.39646757
      6.16   -363.60797851   -363.59898779   -363.53051405   -363.52980608   -363.52058751   -363.52031965   -363.44430278   -363.41510725   -363.41186093   -363.39674927
      6.18   -363.60780152   -363.59892972   -363.53039967   -363.52970924   -363.52062035   -363.52031485   -363.44425301   -363.41510154   -363.41181401   -363.39702319
      6.20   -363.60762849   -363.59887271   -363.53028689   -363.52961341   -363.52065187   -363.52031033   -363.44420394   -363.41509504   -363.41176827   -363.39728951
      6.22   -363.60745910   -363.59881620   -363.53017562   -363.52951849   -363.52068161   -363.52030600   -363.44415549   -363.41508747   -363.41172350   -363.39754713
      6.24   -363.60729364   -363.59876129   -363.53006598   -363.52942465   -363.52071061   -363.52030203   -363.44410779   -363.41507944   -363.41168008   -363.39779871
      6.26   -363.60713168   -363.59870698   -363.52995782   -363.52933174   -363.52073816   -363.52029828   -363.44406060   -363.41507015   -363.41163758   -363.39804299
      6.28   -363.60697343   -363.59865458   -363.52985132   -363.52923991   -363.52076506   -363.52029485   -363.44401427   -363.41506106   -363.41159668   -363.39828091
      6.30   -363.60681835   -363.59860225   -363.52974620   -363.52914894   -363.52079038   -363.52029153   -363.44396827   -363.41505053   -363.41155629   -363.39851068
      6.32   -363.60666666   -363.59855149   -363.52964265   -363.52905899   -363.52081484   -363.52028855   -363.44392306   -363.41503936   -363.41151731   -363.39873463
      6.34   -363.60651798   -363.59850158   -363.52954046   -363.52896984   -363.52083795   -363.52028573   -363.44387829   -363.41502652   -363.41147937   -363.39894845
      6.36   -363.60637109   -363.59845154   -363.52943828   -363.52888092   -363.52085857   -363.52028087   -363.44383424   -363.41501337   -363.41144207   -363.39915858
      6.38   -363.60622867   -363.59840379   -363.52933914   -363.52879383   -363.52088000   -363.52027856   -363.44379082   -363.41499998   -363.41140625   -363.39936326
      6.40   -363.60608917   -363.59835703   -363.52924143   -363.52870767   -363.52090049   -363.52027647   -363.44374797   -363.41498588   -363.41137143   -363.39956179
      6.42   -363.60595221   -363.59831077   -363.52914501   -363.52862247   -363.52092033   -363.52027447   -363.44370544   -363.41497106   -363.41133500   -363.39975359
      6.44   -363.60581830   -363.59826592   -363.52905013   -363.52853816   -363.52093902   -363.52027284   -363.44366376   -363.41495479   -363.41130328   -363.39993788
      6.46   -363.60568703   -363.59822206   -363.52895660   -363.52845478   -363.52095692   -363.52027136   -363.44362260   -363.41493868   -363.41127137   -363.40011872
      6.48   -363.60555826   -363.59817894   -363.52886427   -363.52837223   -363.52097390   -363.52026989   -363.44358178   -363.41492181   -363.41124014   -363.40029296
      6.50   -363.60543209   -363.59813698   -363.52877344   -363.52829068   -363.52099023   -363.52026880   -363.44354170   -363.41490446   -363.41121006   -363.40046264
      6.52   -363.60530838   -363.59809595   -363.52868393   -363.52821003   -363.52100581   -363.52026789   -363.44350214   -363.41488651   -363.41118087   -363.40062693
      6.54   -363.60518689   -363.59805564   -363.52859576   -363.52813012   -363.52101999   -363.52026726   -363.44346322   -363.41486751   -363.41115263   -363.40078491
      6.56   -363.60506787   -363.59801644   -363.52850884   -363.52805125   -363.52103418   -363.52026670   -363.44342470   -363.41484843   -363.41112514   -363.40093875
      6.58   -363.60495063   -363.59797776   -363.52842301   -363.52797313   -363.52104776   -363.52026613   -363.44338653   -363.41482848   -363.41109815   -363.40108474
      6.60   -363.60483605   -363.59794033   -363.52833860   -363.52789602   -363.52106065   -363.52026590   -363.44334901   -363.41480834   -363.41107228   -363.40122849
      6.62   -363.60472360   -363.59790375   -363.52825542   -363.52781978   -363.52107293   -363.52026583   -363.44331198   -363.41478771   -363.41104719   -363.40136740
      6.64   -363.60461316   -363.59786787   -363.52817336   -363.52774437   -363.52108449   -363.52026586   -363.44327535   -363.41476653   -363.41102283   -363.40150074
      6.66   -363.60450480   -363.59783299   -363.52809258   -363.52766985   -363.52109560   -363.52026609   -363.44323929   -363.41474497   -363.41099924   -363.40163029
      6.68   -363.60439825   -363.59779848   -363.52801283   -363.52759596   -363.52110576   -363.52026638   -363.44320339   -363.41472276   -363.41097584   -363.40175394
      6.70   -363.60429326   -363.59776478   -363.52793438   -363.52752305   -363.52111563   -363.52026681   -363.44316837   -363.41469951   -363.41095389   -363.40186754
      6.72   -363.60419066   -363.59773230   -363.52785704   -363.52745105   -363.52112514   -363.52026746   -363.44313369   -363.41467672   -363.41093242   -363.40198381
      6.74   -363.60408993   -363.59770069   -363.52778075   -363.52737982   -363.52113398   -363.52026823   -363.44309943   -363.41465258   -363.41091127   -363.40209386
      6.76   -363.60399018   -363.59766821   -363.52770552   -363.52730944   -363.52114268   -363.52026885   -363.44306542   -363.41462857   -363.41088602   -363.40219360
      6.78   -363.60389243   -363.59763774   -363.52763143   -363.52723972   -363.52115065   -363.52026987   -363.44303205   -363.41460454   -363.41086644   -363.40229529
      6.80   -363.60379701   -363.59760813   -363.52755824   -363.52717093   -363.52115802   -363.52027098   -363.44299893   -363.41457879   -363.41085176   -363.40238828
      6.82   -363.60370302   -363.59757932   -363.52748628   -363.52710300   -363.52116523   -363.52027224   -363.44296644   -363.41455432   -363.41083341   -363.40248496
      6.84   -363.60361063   -363.59755120   -363.52741536   -363.52703586   -363.52117202   -363.52027361   -363.44293431   -363.41452939   -363.41081432   -363.40258012
      6.86   -363.60351982   -363.59752379   -363.52734541   -363.52696950   -363.52117844   -363.52027510   -363.44290269   -363.41450456   -363.41079854   -363.40266740
      6.88   -363.60343050   -363.59749701   -363.52727646   -363.52690392   -363.52118445   -363.52027669   -363.44287149   -363.41447925   -363.41078172   -363.40275305
      6.90   -363.60334252   -363.59747084   -363.52720845   -363.52683903   -363.52119004   -363.52027835   -363.44284057   -363.41445229   -363.41076112   -363.40283490
      6.92   -363.60325623   -363.59744522   -363.52714140   -363.52677491   -363.52119535   -363.52028013   -363.44281016   -363.41442964   -363.41074693   -363.40291976
      6.94   -363.60317129   -363.59742038   -363.52707531   -363.52671162   -363.52120033   -363.52028201   -363.44278011   -363.41440370   -363.41073178   -363.40299549
      6.96   -363.60308773   -363.59739615   -363.52701014   -363.52664907   -363.52120495   -363.52028399   -363.44275044   -363.41437756   -363.41071711   -363.40306802
      6.98   -363.60300521   -363.59737249   -363.52694596   -363.52658720   -363.52120926   -363.52028607   -363.44272122   -363.41435132   -363.41070310   -363.40313961
      7.00   -363.60292423   -363.59734922   -363.52688256   -363.52652613   -363.52121317   -363.52028821   -363.44269228   -363.41432484   -363.41068989   -363.40320438
      7.02   -363.60284464   -363.59732676   -363.52682004   -363.52646578   -363.52121687   -363.52029045   -363.44266373   -363.41429822   -363.41067660   -363.40326785
      7.04   -363.60276586   -363.59730471   -363.52675831   -363.52640602   -363.52122029   -363.52029276   -363.44263545   -363.41427136   -363.41066168   -363.40332907
      7.06   -363.60268968   -363.59728559   -363.52669770   -363.52634719   -363.52122354   -363.52029542   -363.44260775   -363.41424443   -363.41064917   -363.40338422
      7.08   -363.60261400   -363.59726450   -363.52663768   -363.52628896   -363.52122643   -363.52029787   -363.44258017   -363.41421750   -363.41063726   -363.40343890
      7.10   -363.60253935   -363.59724428   -363.52657845   -363.52623148   -363.52122908   -363.52030043   -363.44255304   -363.41419067   -363.41062579   -363.40349461
      7.12   -363.60246584   -363.59722453   -363.52652007   -363.52617464   -363.52123146   -363.52030305   -363.44252626   -363.41416349   -363.41061453   -363.40354439
      7.14   -363.60239333   -363.59720496   -363.52646250   -363.52611849   -363.52123353   -363.52030576   -363.44249995   -363.41413659   -363.41060318   -363.40359847
      7.16   -363.60232206   -363.59718621   -363.52640568   -363.52606300   -363.52123545   -363.52030852   -363.44247385   -363.41410923   -363.41059263   -363.40364297
      7.18   -363.60225190   -363.59716747   -363.52634956   -363.52600808   -363.52123698   -363.52031130   -363.44244794   -363.41408113   -363.41058238   -363.40367386
      7.20   -363.60218278   -363.59714965   -363.52629423   -363.52595391   -363.52123846   -363.52031418   -363.44242250   -363.41405370   -363.41057253   -363.40371367
      7.22   -363.60211470   -363.59713228   -363.52623965   -363.52590040   -363.52123973   -363.52031713   -363.44239739   -363.41402623   -363.41056299   -363.40375118
      7.24   -363.60204764   -363.59711536   -363.52618578   -363.52584753   -363.52124081   -363.52032013   -363.44237259   -363.41399874   -363.41055378   -363.40378647
      7.26   -363.60198158   -363.59709886   -363.52613262   -363.52579530   -363.52124170   -363.52032319   -363.44234811   -363.41397124   -363.41054487   -363.40381957
      7.28   -363.60191644   -363.59708304   -363.52608019   -363.52574367   -363.52124240   -363.52032631   -363.44232389   -363.41394130   -363.41053486   -363.40385510
      7.30   -363.60185232   -363.59706738   -363.52602841   -363.52569269   -363.52124294   -363.52032948   -363.44230003   -363.41391378   -363.41052653   -363.40388391
      7.32   -363.60178915   -363.59705212   -363.52597731   -363.52564233   -363.52124331   -363.52033270   -363.44227647   -363.41388627   -363.41051849   -363.40391070
      7.34   -363.60172690   -363.59703725   -363.52592687   -363.52559257   -363.52124351   -363.52033596   -363.44225321   -363.41385878   -363.41051071   -363.40393554
      7.36   -363.60166555   -363.59702276   -363.52587709   -363.52554341   -363.52124356   -363.52033928   -363.44223025   -363.41383132   -363.41050320   -363.40395849
      7.38   -363.60160484   -363.59700873   -363.52582779   -363.52549469   -363.52124344   -363.52034261   -363.44220751   -363.41380192   -363.41049518   -363.40396665
      7.40   -363.60154526   -363.59699496   -363.52577929   -363.52544673   -363.52124319   -363.52034602   -363.44218512   -363.41377448   -363.41048824   -363.40398631
      7.42   -363.60147659   -363.59697916   -363.52573117   -363.52539862   -363.52124180   -363.52034908   -363.44216297   -363.41374615   -363.41048141   -363.40400301
      7.44   -363.60141869   -363.59696610   -363.52568391   -363.52535181   -363.52124130   -363.52035257   -363.44214115   -363.41371892   -363.41047488   -363.40401899
      7.46   -363.60136151   -363.59695282   -363.52563719   -363.52530553   -363.52123992   -363.52035582   -363.44211921   -363.41369229   -363.41046830   -363.40403174
      7.48   -363.60130524   -363.59694043   -363.52559113   -363.52525985   -363.52123917   -363.52035939   -363.44209795   -363.41366519   -363.41046221   -363.40404446
      7.50   -363.60124980   -363.59692842   -363.52554568   -363.52521471   -363.52123826   -363.52036301   -363.44207697   -363.41363810   -363.41045631   -363.40405486
      7.52   -363.60119512   -363.59691669   -363.52550077   -363.52517012   -363.52123730   -363.52036665   -363.44205626   -363.41361123   -363.41045062   -363.40406433
      7.54   -363.60114116   -363.59690464   -363.52545642   -363.52512601   -363.52123610   -363.52037028   -363.44203582   -363.41358468   -363.41044477   -363.40407751
      7.56   -363.60108799   -363.59689349   -363.52541267   -363.52508251   -363.52123493   -363.52037400   -363.44201563   -363.41355791   -363.41043950   -363.40408424
      7.58   -363.60103557   -363.59688264   -363.52536947   -363.52503954   -363.52123366   -363.52037777   -363.44199570   -363.41353125   -363.41043441   -363.40408959
      7.60   -363.60098371   -363.59687218   -363.52532679   -363.52499698   -363.52123234   -363.52038153   -363.44197596   -363.41350399   -363.41042921   -363.40408474
      7.62   -363.60093274   -363.59686189   -363.52528468   -363.52495506   -363.52123090   -363.52038534   -363.44195655   -363.41347755   -363.41042448   -363.40408747
      7.64   -363.60088054   -363.59684835   -363.52524226   -363.52491291   -363.52122788   -363.52038896   -363.44193747   -363.41345126   -363.41042058   -363.40409475
      7.66   -363.60083084   -363.59683858   -363.52520122   -363.52487190   -363.52122628   -363.52039283   -363.44191854   -363.41342457   -363.41041617   -363.40408746
      7.68   -363.60078200   -363.59682910   -363.52516070   -363.52483151   -363.52122463   -363.52039674   -363.44189986   -363.41339849   -363.41041194   -363.40408652
      7.70   -363.60073372   -363.59681966   -363.52512060   -363.52479160   -363.52122285   -363.52040062   -363.44188139   -363.41337159   -363.41040753   -363.40408394
      7.72   -363.60068593   -363.59680965   -363.52508054   -363.52475179   -363.52121785   -363.52040442   -363.44186304   -363.41334155   -363.41040263   -363.40408487
      7.74   -363.60063905   -363.59680087   -363.52504138   -363.52471286   -363.52121595   -363.52040829   -363.44184455   -363.41331581   -363.41039880   -363.40408053
      7.76   -363.60059273   -363.59679233   -363.52500288   -363.52467433   -363.52121409   -363.52041228   -363.44182685   -363.41328950   -363.41039509   -363.40407219
      7.78   -363.60054706   -363.59678388   -363.52496482   -363.52463631   -363.52121214   -363.52041631   -363.44180937   -363.41326241   -363.41039156   -363.40404770
      7.80   -363.60050216   -363.59677601   -363.52492724   -363.52459882   -363.52121013   -363.52042035   -363.44179210   -363.41323758   -363.41038787   -363.40404597
      7.82   -363.60045781   -363.59676820   -363.52489018   -363.52456179   -363.52120812   -363.52042442   -363.44177509   -363.41321250   -363.41038464   -363.40403784
      7.84   -363.60041407   -363.59676061   -363.52485358   -363.52452522   -363.52120608   -363.52042851   -363.44175831   -363.41318757   -363.41038152   -363.40402883
      7.86   -363.60037091   -363.59675312   -363.52481747   -363.52448910   -363.52120399   -363.52043263   -363.44174177   -363.41316288   -363.41037872   -363.40401945
      7.88   -363.60032835   -363.59674594   -363.52478179   -363.52445343   -363.52120188   -363.52043677   -363.44172544   -363.41313828   -363.41037585   -363.40400876
      7.90   -363.60028638   -363.59673898   -363.52474657   -363.52441821   -363.52119974   -363.52044092   -363.44170933   -363.41311385   -363.41037310   -363.40399728
      7.92   -363.60024495   -363.59673221   -363.52471179   -363.52438343   -363.52119757   -363.52044509   -363.44169344   -363.41308959   -363.41037045   -363.40398503
      7.94   -363.60020389   -363.59672556   -363.52467747   -363.52434900   -363.52119538   -363.52044929   -363.44167777   -363.41306529   -363.41036804   -363.40396571
      7.96   -363.60016361   -363.59671917   -363.52464357   -363.52431508   -363.52119317   -363.52045349   -363.44166231   -363.41304137   -363.41036560   -363.40395202
      7.98   -363.60012377   -363.59671258   -363.52461009   -363.52428145   -363.52119087   -363.52045768   -363.44164707   -363.41301773   -363.41036304   -363.40393816  
      8.00   -363.60008466   -363.59670646   -363.52457703   -363.52424837   -363.52118856   -363.52046190   -363.44163201   -363.41299347   -363.41036055   -363.40392089
      8.50   -363.59918918   -363.59659225   -363.52383111   -363.52347808   -363.52111761   -363.52059440   -363.44131619   -363.41232373   -363.41033258   -363.40342872
      9.00   -363.59860203   -363.59655628   -363.52332461   -363.52296438   -363.52108086   -363.52070243   -363.44110232   -363.41191091   -363.41032494   -363.40274859
      9.50   -363.59819781   -363.59655650   -363.52297160   -363.52259785   -363.52104354   -363.52080445   -363.44096768   -363.41161254   -363.41033793   -363.40209164
     10.00   -363.59791569   -363.59656655   -363.52271782   -363.52233593   -363.52103379   -363.52089465   -363.44088579   -363.41139513   -363.41036045   -363.40148745
     10.50   -363.59768527   -363.59657565   -363.52252699   -363.52214052   -363.52103684   -363.52096847   -363.44083486   -363.41123070   -363.41038335   -363.40094584
     11.00   -363.59751869   -363.59659875   -363.52234992   -363.52197237   -363.52106435   -363.52101130   -363.44078831   -363.41110826   -363.41039832   -363.40046597


