  2.2000   -202.80248364   -202.37830455     -0.12251349     -0.12251349
  2.2100   -202.81252205   -202.39127617     -0.12166631     -0.12166631
  2.2200   -202.82230004   -202.40397416     -0.12082294     -0.12082294
  2.2300   -202.83185929   -202.41638735     -0.11999865     -0.11999865
  2.2400   -202.84117441   -202.42855640     -0.11917437     -0.11917437
  2.2500   -202.85028605   -202.44045590     -0.11836916     -0.11836916
  2.2600   -202.85915252   -202.45209704     -0.11756777     -0.11756777
  2.2700   -202.86781757   -202.46349710     -0.11677783     -0.11677783
  2.2800   -202.87628221   -202.47467034     -0.11599552     -0.11599552
  2.2900   -202.88453016   -202.48558724     -0.11522466     -0.11522466
  2.3000   -202.89257769   -202.49627731     -0.11446143     -0.11446143
  2.3100   -202.90043906   -202.50674157     -0.11370965     -0.11370965
  2.3200   -202.90810002   -202.51697900     -0.11296550     -0.11296550
  2.3300   -202.91557583   -202.52700485     -0.11222898     -0.11222898
  2.3400   -202.92286546   -202.53680489     -0.11150392     -0.11150392
  2.3500   -202.92997097   -202.54640759     -0.11078266     -0.11078266
  2.3600   -202.93690557   -202.55579974     -0.11007286     -0.11007286
  2.3700   -202.94367027   -202.56499557     -0.10937069     -0.10937069
  2.3800   -202.95027932   -202.57399611     -0.10867997     -0.10867997
  2.3900   -202.95671950   -202.58281457     -0.10799306     -0.10799306
  2.4000   -202.96298979   -202.59143671     -0.10731379     -0.10731379
  2.4100   -202.96911866   -202.59986458     -0.10664978     -0.10664978
  2.4200   -202.97507969   -202.60812461     -0.10598577     -0.10598577
  2.4300   -202.98090032   -202.61620460     -0.10533321     -0.10533321
  2.4400   -202.98658157   -202.62411880     -0.10468828     -0.10468828
  2.4500   -202.99210922   -202.63186617     -0.10404717     -0.10404717
  2.4600   -202.99751070   -202.63943453     -0.10342132     -0.10342132
  2.4700   -203.00277383   -202.64685132     -0.10279929     -0.10279929
  2.4800   -203.00789759   -202.65410232     -0.10218489     -0.10218489
  2.4900   -203.01289724   -202.66120278     -0.10157812     -0.10157812
  2.5000   -203.01777277   -202.66815269     -0.10097899     -0.10097899
  2.5100   -203.02252418   -202.67495207     -0.10038749     -0.10038749
  2.5200   -203.02716674   -202.68161616     -0.09980362     -0.09980362
  2.5300   -203.03167095   -202.68812869     -0.09922356     -0.09922356
  2.5400   -203.03607951   -202.69449273     -0.09865877     -0.09865877
  2.5500   -203.04036601   -202.70073470     -0.09809398     -0.09809398
  2.5600   -203.04454364   -202.70684138     -0.09753682     -0.09753682
  2.5700   -203.04861243   -202.71281279     -0.09698730     -0.09698730
  2.5800   -203.05258659   -202.71864993     -0.09644922     -0.09644922
  2.5900   -203.05645291   -202.72436603     -0.09591496     -0.09591496
  2.6000   -203.06022564   -202.72996210     -0.09538834     -0.09538834
  2.6100   -203.06389054   -202.73543713     -0.09486552     -0.09486552
  2.6200   -203.06747710   -202.74080740     -0.09435034     -0.09435034
  2.6300   -203.07095480   -202.74604238     -0.09384280     -0.09384280
  2.6400   -203.07435416   -202.75117260     -0.09334288     -0.09334288
  2.6500   -203.07766094   -202.75619703     -0.09284678     -0.09284678
  2.6600   -203.08088837   -202.76110246     -0.09236213     -0.09236213
  2.6700   -203.08402322   -202.76590211     -0.09188130     -0.09188130
  2.6800   -203.08708075   -202.77061122     -0.09140428     -0.09140428
  2.6900   -203.09005892   -202.77520134     -0.09093871     -0.09093871
  2.7000   -203.09295977   -202.77970092     -0.09047696     -0.09047696
  2.7100   -203.09578331   -202.78410998     -0.09001902     -0.09001902
  2.7200   -203.09854275   -202.78841529     -0.08957253     -0.08957253
  2.7300   -203.10121063   -202.79262906     -0.08912604     -0.08912604
  2.7400   -203.10382967   -202.79675434     -0.08869100     -0.08869100
  2.7500   -203.10635613   -202.80077383     -0.08825978     -0.08825978
  2.7600   -203.10883477   -202.80471908     -0.08783618     -0.08783618
  2.7700   -203.11123712   -202.80858803     -0.08741259     -0.08741259
  2.7800   -203.11358960   -202.81235426     -0.08700426     -0.08700426
  2.7900   -203.11586681   -202.81605844     -0.08659212     -0.08659212
  2.8000   -203.11807992   -202.81965888     -0.08619143     -0.08619143
  2.8100   -203.12024623   -202.82319930     -0.08579455     -0.08579455
  2.8200   -203.12234945   -202.82665022     -0.08540530     -0.08540530
  2.8300   -203.12439164   -202.83004010     -0.08501605     -0.08501605
  2.8400   -203.12638499   -202.83334150     -0.08463825     -0.08463825
  2.8500   -203.12831731   -202.83658187     -0.08426046     -0.08426046
  2.8600   -203.13021603   -202.83974901     -0.08389411     -0.08389411
  2.8700   -203.13203847   -202.84283986     -0.08352776     -0.08352776
  2.8800   -203.13382834   -202.84587172     -0.08316904     -0.08316904
  2.8900   -203.13557038   -202.84882933     -0.08281795     -0.08281795
  2.9000   -203.13725140   -202.85172591     -0.08246687     -0.08246687
  2.9100   -203.13889985   -202.85456350     -0.08212341     -0.08212341
  2.9200   -203.14050048   -202.85732684     -0.08178759     -0.08178759
  2.9300   -203.14205431   -202.86003017     -0.08145559     -0.08145559
  2.9400   -203.14356236   -202.86268772     -0.08112358     -0.08112358
  2.9500   -203.14503683   -202.86527206     -0.08080303     -0.08080303
  2.9600   -203.14646552   -202.86781061     -0.08048247     -0.08048247
  2.9700   -203.14784741   -202.87028915     -0.08016573     -0.08016573
  2.9800   -203.14919674   -202.87270871     -0.07985662     -0.07985662
  2.9900   -203.15051453   -202.87508351     -0.07955133     -0.07955133
  3.0000   -203.15178552   -202.87739830     -0.07924986     -0.07924986
  3.0100   -203.15302497   -202.87966834     -0.07895220     -0.07895220
  3.0200   -203.15423186   -202.88187938     -0.07866217     -0.07866217
  3.0300   -203.15540721   -202.88404568     -0.07837596     -0.07837596
  3.0400   -203.15655101   -202.88616722     -0.07809356     -0.07809356
  3.0500   -203.15764904   -202.88824299     -0.07781117     -0.07781117
  3.0600   -203.15872977   -202.89027503     -0.07753641     -0.07753641
  3.0700   -203.15977793   -202.89224807     -0.07726928     -0.07726928
  3.0800   -203.16078134   -202.89418958     -0.07699833     -0.07699833
  3.0900   -203.16176745   -202.89608736     -0.07673502     -0.07673502
  3.1000   -203.16273625   -202.89794141     -0.07647933     -0.07647933
  3.1100   -203.16365927   -202.89974968     -0.07622365     -0.07622365
  3.1200   -203.16456499   -202.90151422     -0.07597560     -0.07597560
  3.1300   -203.16544019   -202.90324825     -0.07572755     -0.07572755
  3.1400   -203.16628488   -202.90495175     -0.07547950     -0.07547950
  3.1500   -203.16711124   -202.90659730     -0.07524290     -0.07524290
  3.1600   -203.16792131   -202.90821334     -0.07501012     -0.07501012
  3.1700   -203.16870087   -202.90979888     -0.07477733     -0.07477733
  3.1800   -203.16944991   -202.91135389     -0.07454455     -0.07454455
  3.1900   -203.17018165   -202.91286517     -0.07431940     -0.07431940
  3.2000   -203.17089710   -202.91434696     -0.07409806     -0.07409806
  3.2100   -203.17158102   -202.91578400     -0.07388054     -0.07388054
  3.2200   -203.17224967   -202.91720577     -0.07366302     -0.07366302
  3.2300   -203.17290103   -202.91858382     -0.07345313     -0.07345313
  3.2400   -203.17353610   -202.91993237     -0.07324706     -0.07324706
  3.2500   -203.17414065   -202.92125041     -0.07304099     -0.07304099
  3.2600   -203.17474316   -202.92253998     -0.07284255     -0.07284255
  3.2700   -203.17531617   -202.92381326     -0.07264029     -0.07264029
  3.2800   -203.17592109   -202.92502065     -0.07235332     -0.07235332
  3.2900   -203.17656252   -202.92616994     -0.07198400     -0.07198400
  3.3000   -203.17718390   -202.92729174     -0.07162301     -0.07162301
  3.3100   -203.17778703   -202.92840125     -0.07126674     -0.07126674
  3.3200   -203.17836931   -202.92948430     -0.07092047     -0.07092047
  3.3300   -203.17893286   -202.93054255     -0.07058388     -0.07058388
  3.3400   -203.17947726   -202.93157402     -0.07025560     -0.07025560
  3.3500   -203.18000326   -202.93257934     -0.06993559     -0.06993559
  3.3600   -203.18051443   -202.93357527     -0.06962004     -0.06962004
  3.3700   -203.18102182   -202.93455948     -0.06931264     -0.06931264
  3.3800   -203.18149167   -202.93549627     -0.06901169     -0.06901169
  3.3900   -203.18196006   -202.93643507     -0.06871352     -0.06871352
  3.4000   -203.18240833   -202.93733260     -0.06842741     -0.06842741
  3.4100   -203.18285433   -202.93823344     -0.06814601     -0.06814601
  3.4200   -203.18326665   -202.93909251     -0.06787278     -0.06787278
  3.4300   -203.18367478   -202.93995279     -0.06760415     -0.06760415
  3.4400   -203.18406397   -202.94078614     -0.06734383     -0.06734383
  3.4500   -203.18443447   -202.94160690     -0.06708881     -0.06708881
  3.4600   -203.18480021   -202.94240229     -0.06684651     -0.06684651
  3.4700   -203.18514882   -202.94318548     -0.06660853     -0.06660853
  3.4800   -203.18549394   -202.94395653     -0.06637833     -0.06637833
  3.4900   -203.18582086   -202.94471417     -0.06615237     -0.06615237
  3.5000   -203.18612972   -202.94544556     -0.06593465     -0.06593465
  3.5100   -203.18643554   -202.94616558     -0.06572513     -0.06572513
  3.5200   -203.18672333   -202.94687277     -0.06552023     -0.06552023
  3.5300   -203.18700835   -202.94756891     -0.06532359     -0.06532359
  3.5400   -203.18727494   -202.94825176     -0.06513158     -0.06513158
  3.5500   -203.18753765   -202.94892253     -0.06494791     -0.06494791
  3.5600   -203.18778117   -202.94957962     -0.06476926     -0.06476926
  3.5700   -203.18802051   -202.95022551     -0.06460006     -0.06460006
  3.5800   -203.18824229   -202.95085874     -0.06443535     -0.06443535
  3.5900   -203.18846060   -202.95147982     -0.06427860     -0.06427860
  3.6000   -203.18866088   -202.95208847     -0.06412697     -0.06412697
  3.6100   -203.18885829   -202.95268585     -0.06398361     -0.06398361
  3.6200   -203.18905158   -202.95327090     -0.06384866     -0.06384866
  3.6300   -203.18922786   -202.95385766     -0.06371497     -0.06371497
  3.6400   -203.18939967   -202.95441839     -0.06359341     -0.06359341
  3.6500   -203.18955443   -202.95498083     -0.06347316     -0.06347316
  3.6600   -203.18970552   -202.95553168     -0.06336161     -0.06336161
  3.6700   -203.18985570   -202.95606814     -0.06325364     -0.06325364
  3.6800   -203.18999339   -202.95658657     -0.06314055     -0.06314055
  3.6900   -203.19013394   -202.95710211     -0.06302214     -0.06302214
  3.7000   -203.19026119   -202.95758512     -0.06290199     -0.06290199
  3.7100   -203.19040666   -202.95808046     -0.06277637     -0.06277637
  3.7200   -203.19053892   -202.95854315     -0.06264881     -0.06264881
  3.7300   -203.19067438   -202.95900296     -0.06251559     -0.06251559
  3.7400   -203.19079771   -202.95944444     -0.06237661     -0.06237661
  3.7500   -203.19092421   -202.95988281     -0.06223176     -0.06223176
  3.7600   -203.19105301   -202.96030368     -0.06208457     -0.06208457
  3.7700   -203.19118415   -202.96070703     -0.06193495     -0.06193495
  3.7800   -203.19130427   -202.96110623     -0.06177554     -0.06177554
  3.7900   -203.19142685   -202.96148779     -0.06161341     -0.06161341
  3.8000   -203.19155278   -202.96186610     -0.06144503     -0.06144503
  3.8100   -203.19168110   -202.96222666     -0.06127386     -0.06127386
  3.8200   -203.19179870   -202.96258272     -0.06109215     -0.06109215
  3.8300   -203.19193447   -202.96293621     -0.06090701     -0.06090701
  3.8400   -203.19205778   -202.96325657     -0.06071847     -0.06071847
  3.8500   -203.19217131   -202.96358681     -0.06051565     -0.06051565
  3.8600   -203.19230207   -202.96389998     -0.06031274     -0.06031274
  3.8700   -203.19243665   -202.96420947     -0.06010241     -0.06010241
  3.8800   -203.19255987   -202.96449995     -0.05988446     -0.05988446
  3.8900   -203.19268704   -202.96478664     -0.05965870     -0.05965870
  3.9000   -203.19281745   -202.96505499     -0.05942833     -0.05942833
  3.9100   -203.19295286   -202.96533375     -0.05918611     -0.05918611
  3.9200   -203.19307717   -202.96559252     -0.05893476     -0.05893476
  3.9300   -203.19322039   -202.96583222     -0.05867924     -0.05867924
  3.9400   -203.19335635   -202.96606366     -0.05840536     -0.05840536
  3.9500   -203.19350433   -202.96628402     -0.05810806     -0.05810806
  3.9600   -203.19366892   -202.96648766     -0.05777693     -0.05777693
  3.9700   -203.19384597   -202.96668801     -0.05742881     -0.05742881
  3.9800   -203.19400992   -202.96687712     -0.05709789     -0.05709789
  3.9900   -203.19416647   -202.96707615     -0.05678281     -0.05678281
  4.0000   -203.19431134   -202.96728330     -0.05646921     -0.05646921
  4.0100   -203.19446794   -202.96747519     -0.05616147     -0.05616147
  4.0200   -203.19460877   -202.96766299     -0.05584703     -0.05584703
  4.0300   -203.19475067   -202.96784890     -0.05552823     -0.05552823
  4.0400   -203.19489425   -202.96803322     -0.05520470     -0.05520470
  4.0500   -203.19503977   -202.96821618     -0.05487631     -0.05487631
  4.0600   -203.19518635   -202.96838332     -0.05454646     -0.05454646
  4.0700   -203.19533467   -202.96854922     -0.05421191     -0.05421191
  4.0800   -203.19548391   -202.96869961     -0.05387620     -0.05387620
  4.0900   -203.19562087   -202.96886291     -0.05352972     -0.05352972
  4.1000   -203.19577317   -202.96901189     -0.05318578     -0.05318578
  4.1100   -203.19591233   -202.96915974     -0.05283483     -0.05283483
  4.1200   -203.19606756   -202.96930842     -0.05248366     -0.05248366
  4.1300   -203.19620850   -202.96944164     -0.05212926     -0.05212926
  4.1400   -203.19634999   -202.96957454     -0.05177190     -0.05177190
  4.1500   -203.19649251   -202.96970792     -0.05141185     -0.05141185
  4.1600   -203.19663538   -202.96984142     -0.05104941     -0.05104941
  4.1700   -203.19679223   -202.96996069     -0.05069063     -0.05069063
  4.1800   -203.19693513   -202.97007940     -0.05032590     -0.05032590
  4.1900   -203.19707960   -202.97019970     -0.04995891     -0.04995891
  4.2000   -203.19720857   -202.97030526     -0.04959045     -0.04959045
  4.2100   -203.19735185   -202.97041221     -0.04922390     -0.04922390
  4.2200   -203.19749388   -202.97051914     -0.04885635     -0.04885635
  4.2300   -203.19763560   -202.97062711     -0.04848794     -0.04848794
  4.2400   -203.19777609   -202.97072130     -0.04812180     -0.04812180
  4.2500   -203.19790161   -202.97081623     -0.04775215     -0.04775215
  4.2600   -203.19804106   -202.97091283     -0.04738510     -0.04738510
  4.2700   -203.19817911   -202.97099588     -0.04702075     -0.04702075
  4.2800   -203.19830167   -202.97107956     -0.04665337     -0.04665337
  4.2900   -203.19843804   -202.97116511     -0.04628895     -0.04628895
  4.3000   -203.19855820   -202.97123671     -0.04592470     -0.04592470
  4.3100   -203.19869257   -202.97132485     -0.04556073     -0.04556073
  4.3200   -203.19881061   -202.97139908     -0.04519715     -0.04519715
  4.3300   -203.19894179   -202.97146057     -0.04483969     -0.04483969
  4.3400   -203.19905710   -202.97153803     -0.04447836     -0.04447836
  4.3500   -203.19916961   -202.97160206     -0.04412176     -0.04412176
  4.3600   -203.19929550   -202.97165365     -0.04377143     -0.04377143
  4.3700   -203.19940579   -202.97172075     -0.04341641     -0.04341641
  4.3800   -203.19951441   -202.97177472     -0.04306512     -0.04306512
  4.3900   -203.19963738   -202.97183152     -0.04271753     -0.04271753
  4.4000   -203.19974365   -202.97188865     -0.04236828     -0.04236828
  4.4100   -203.19984747   -202.97194615     -0.04202016     -0.04202016
  4.4200   -203.19996558   -202.97199207     -0.04167841     -0.04167841
  4.4300   -203.20006775   -202.97203917     -0.04133521     -0.04133521
  4.4400   -203.20016816   -202.97208732     -0.04099323     -0.04099323
  4.4500   -203.20026534   -202.97212064     -0.04065501     -0.04065501
  4.4600   -203.20037593   -202.97215572     -0.04032050     -0.04032050
  4.4700   -203.20047171   -202.97219320     -0.03998482     -0.03998482
  4.4800   -203.20056652   -202.97223253     -0.03965050     -0.03965050
  4.4900   -203.20065956   -202.97227295     -0.03931766     -0.03931766
  4.5000   -203.20076673   -202.97230145     -0.03899120     -0.03899120
  4.5100   -203.20085693   -202.97233021     -0.03866374     -0.03866374
  4.5200   -203.20094732   -202.97236197     -0.03833780     -0.03833780
  4.5300   -203.20103627   -202.97239506     -0.03801335     -0.03801335
  4.5400   -203.20113680   -202.97241354     -0.03769526     -0.03769526
  4.5500   -203.20122182   -202.97244823     -0.03737392     -0.03737392
  4.5600   -203.20130618   -202.97247049     -0.03705655     -0.03705655
  4.5700   -203.20138738   -202.97249234     -0.03674078     -0.03674078
  4.5800   -203.20146856   -202.97250234     -0.03642898     -0.03642898
  4.5900   -203.20156365   -202.97252890     -0.03611876     -0.03611876
  4.6000   -203.20164211   -202.97254147     -0.03581015     -0.03581015
  4.6100   -203.20171785   -202.97255395     -0.03550316     -0.03550316
  4.6200   -203.20179350   -202.97256896     -0.03519784     -0.03519784
  4.6300   -203.20188276   -202.97258556     -0.03489638     -0.03489638
  4.6400   -203.20195444   -202.97260176     -0.03459441     -0.03459441
  4.6500   -203.20202576   -202.97260553     -0.03429630     -0.03429630
  4.6600   -203.20211068   -202.97261079     -0.03400206     -0.03400206
  4.6700   -203.20217936   -202.97261691     -0.03370729     -0.03370729
  4.6800   -203.20224422   -202.97262160     -0.03341408     -0.03341408
  4.6900   -203.20232150   -202.97262643     -0.03312458     -0.03312458
  4.7000   -203.20238428   -202.97263384     -0.03283467     -0.03283467
  4.7100   -203.20244607   -202.97262797     -0.03254854     -0.03254854
  4.7200   -203.20252160   -202.97263818     -0.03226407     -0.03226407
  4.7300   -203.20257961   -202.97263329     -0.03198144     -0.03198144
  4.7400   -203.20263533   -202.97262849     -0.03170067     -0.03170067
  4.7500   -203.20270563   -202.97262572     -0.03142339     -0.03142339
  4.7600   -203.20275877   -202.97260796     -0.03114766     -0.03114766
  4.7700   -203.20282749   -202.97260801     -0.03087362     -0.03087362
  4.7800   -203.20288071   -202.97260950     -0.03059930     -0.03059930
  4.7900   -203.20293307   -202.97259754     -0.03032863     -0.03032863
  4.8000   -203.20300015   -202.97258769     -0.03006158     -0.03006158
  4.8100   -203.20304795   -202.97257572     -0.02979482     -0.02979482
  4.8200   -203.20310878   -202.97256434     -0.02953211     -0.02953211
  4.8300   -203.20315442   -202.97255457     -0.02926914     -0.02926914
  4.8400   -203.20321433   -202.97254630     -0.02900969     -0.02900969
  4.8500   -203.20325856   -202.97253919     -0.02875012     -0.02875012
  4.8600   -203.20331495   -202.97251660     -0.02849590     -0.02849590
  4.8700   -203.20337142   -202.97251096     -0.02824172     -0.02824172
  4.8800   -203.20341052   -202.97248992     -0.02798930     -0.02798930
  4.8900   -203.20346582   -202.97247213     -0.02774031     -0.02774031
  4.9000   -203.20350482   -202.97246960     -0.02748942     -0.02748942
  4.9100   -203.20355779   -202.97245323     -0.02724378     -0.02724378
  4.9200   -203.20360979   -202.97243770     -0.02699975     -0.02699975
  4.9300   -203.20364704   -202.97240922     -0.02675737     -0.02675737
  4.9400   -203.20369858   -202.97239681     -0.02651661     -0.02651661
  4.9500   -203.20374913   -202.97238515     -0.02627747     -0.02627747
  4.9600   -203.20378348   -202.97235899     -0.02603993     -0.02603993
  4.9700   -203.20383118   -202.97234792     -0.02580404     -0.02580404
  4.9800   -203.20387870   -202.97232344     -0.02557142     -0.02557142
  4.9900   -203.20392545   -202.97231477     -0.02533879     -0.02533879
  5.0000   -203.20395607   -202.97229160     -0.02510777     -0.02510777
  5.0100   -203.20400085   -202.97226930     -0.02487998     -0.02487998
  5.0200   -203.20404328   -202.97224622     -0.02465374     -0.02465374
  5.0300   -203.20408625   -202.97222523     -0.02442906     -0.02442906
  5.0400   -203.20411327   -202.97220477     -0.02420441     -0.02420441
  5.0500   -203.20415320   -202.97218383     -0.02398292     -0.02398292
  5.0600   -203.20419242   -202.97216368     -0.02376301     -0.02376301
  5.0700   -203.20423201   -202.97214537     -0.02354465     -0.02354465
  5.0800   -203.20427062   -202.97211259     -0.02332936     -0.02332936
  5.0900   -203.20430753   -202.97209448     -0.02311407     -0.02311407
  5.1000   -203.20434354   -202.97207690     -0.02290036     -0.02290036
  5.1100   -203.20437973   -202.97204593     -0.02268965     -0.02268965
  5.1200   -203.20441513   -202.97201553     -0.02248047     -0.02248047
  5.1300   -203.20444913   -202.97200007     -0.02227135     -0.02227135
  5.1400   -203.20448232   -202.97197015     -0.02206518     -0.02206518
  5.1500   -203.20451462   -202.97194064     -0.02186053     -0.02186053
  5.1600   -203.20454712   -202.97192765     -0.02165601     -0.02165601
  5.1700   -203.20457770   -202.97189901     -0.02145436     -0.02145436
  5.1800   -203.20460808   -202.97187142     -0.02125419     -0.02125419
  5.1900   -203.20463828   -202.97184488     -0.02105549     -0.02105549
  5.2000   -203.20466710   -202.97181818     -0.02085824     -0.02085824
  5.2100   -203.20469589   -202.97179264     -0.02066246     -0.02066246
  5.2200   -203.20472401   -202.97176762     -0.02046813     -0.02046813
  5.2300   -203.20475093   -202.97174256     -0.02027527     -0.02027527
  5.2400   -203.20477696   -202.97170273     -0.02008516     -0.02008516
  5.2500   -203.20480307   -202.97167915     -0.01989520     -0.01989520
  5.2600   -203.20482744   -202.97165494     -0.01970668     -0.01970668
  5.2700   -203.20486625   -202.97163125     -0.01952090     -0.01952090
  5.2800   -203.20488792   -202.97159148     -0.01933652     -0.01933652
  5.2900   -203.20491149   -202.97156973     -0.01915230     -0.01915230
  5.3000   -203.20493327   -202.97153216     -0.01897070     -0.01897070
  5.3100   -203.20495562   -202.97151126     -0.01878926     -0.01878926
  5.3200   -203.20497728   -202.97147562     -0.01861042     -0.01861042
  5.3300   -203.20501307   -202.97145511     -0.01843298     -0.01843298
  5.3400   -203.20503357   -202.97142029     -0.01825693     -0.01825693
  5.3500   -203.20505279   -202.97140024     -0.01808107     -0.01808107
  5.3600   -203.20507120   -202.97136525     -0.01790773     -0.01790773
  5.3700   -203.20510518   -202.97133168     -0.01773689     -0.01773689
  5.3800   -203.20512352   -202.97131357     -0.01756512     -0.01756512
  5.3900   -203.20514039   -202.97127981     -0.01739583     -0.01739583
  5.4000   -203.20517058   -202.97124519     -0.01722907     -0.01722907
  5.4100   -203.20518509   -202.97121091     -0.01706262     -0.01706262
  5.4200   -203.20520125   -202.97117913     -0.01689752     -0.01689752
  5.4300   -203.20523069   -202.97116149     -0.01673372     -0.01673372
  5.4400   -203.20524519   -202.97112974     -0.01657119     -0.01657119
  5.4500   -203.20525896   -202.97109807     -0.01640997     -0.01640997
  5.4600   -203.20528728   -202.97106667     -0.01625110     -0.01625110
  5.4700   -203.20530091   -202.97103650     -0.01609250     -0.01609250
  5.4800   -203.20532732   -202.97100476     -0.01593620     -0.01593620
  5.4900   -203.20533952   -202.97097472     -0.01578016     -0.01578016
  5.5000   -203.20535063   -202.97094434     -0.01562536     -0.01562536
  5.5100   -203.20537678   -202.97091461     -0.01547278     -0.01547278
  5.5200   -203.20539609   -202.97089373     -0.01531985     -0.01531985
  5.5300   -203.20542053   -202.97086344     -0.01516853     -0.01516853
  5.5400   -203.20542980   -202.97083383     -0.01501749     -0.01501749
  5.5500   -203.20545382   -202.97080455     -0.01486868     -0.01486868
  5.5600   -203.20546237   -202.97076050     -0.01472107     -0.01472107
  5.5700   -203.20548523   -202.97073143     -0.01457469     -0.01457469
  5.5800   -203.20549331   -202.97070341     -0.01442859     -0.01442859
  5.5900   -203.20551713   -202.97067664     -0.01428462     -0.01428462
  5.6000   -203.20552534   -202.97065007     -0.01414096     -0.01414096
  5.6100   -203.20554838   -202.97062382     -0.01399941     -0.01399941
  5.6200   -203.20555575   -202.97058254     -0.01385908     -0.01385908
  5.6300   -203.20557737   -202.97055613     -0.01371993     -0.01371993
  5.6400   -203.20558404   -202.97053054     -0.01358110     -0.01358110
  5.6500   -203.20560466   -202.97050433     -0.01344429     -0.01344429
  5.6600   -203.20560972   -202.97046317     -0.01330863     -0.01330863
  5.6700   -203.20563049   -202.97043828     -0.01317411     -0.01317411
  5.6800   -203.20564939   -202.97041209     -0.01304076     -0.01304076
  5.6900   -203.20565340   -202.97037159     -0.01290860     -0.01290860
  5.7000   -203.20567157   -202.97034580     -0.01277760     -0.01277760
  5.7100   -203.20567473   -202.97032071     -0.01264684     -0.01264684
  5.7200   -203.20569230   -202.97028021     -0.01251882     -0.01251882
  5.7300   -203.20570954   -202.97025508     -0.01239115     -0.01239115
  5.7400   -203.20571124   -202.97023011     -0.01226381     -0.01226381
  5.7500   -203.20572848   -202.97019084     -0.01213915     -0.01213915
  5.7600   -203.20574554   -202.97016706     -0.01201482     -0.01201482
  5.7700   -203.20574635   -202.97014270     -0.01189081     -0.01189081
  5.7800   -203.20576346   -202.97010475     -0.01176941     -0.01176941
  5.7900   -203.20576461   -202.97008168     -0.01164760     -0.01164760
  5.8000   -203.20578032   -202.97004327     -0.01152831     -0.01152831
  5.8100   -203.20579521   -202.97001969     -0.01140939     -0.01140939
  5.8200   -203.20579461   -202.96999625     -0.01129081     -0.01129081
  5.8300   -203.20581028   -202.96995913     -0.01117468     -0.01117468
  5.8400   -203.20582442   -202.96993610     -0.01105888     -0.01105888
  5.8500   -203.20583823   -202.96989799     -0.01094484     -0.01094484
  5.8600   -203.20583709   -202.96987571     -0.01083033     -0.01083033
  5.8700   -203.20585041   -202.96983792     -0.01071828     -0.01071828
  5.8800   -203.20586352   -202.96981551     -0.01060656     -0.01060656
  5.8900   -203.20586170   -202.96979378     -0.01049518     -0.01049518
  5.9000   -203.20587487   -202.96975702     -0.01038615     -0.01038615
  5.9100   -203.20588807   -202.96973587     -0.01027743     -0.01027743
  5.9200   -203.20588547   -202.96969930     -0.01016968     -0.01016968
  5.9300   -203.20589819   -202.96967841     -0.01006290     -0.01006290
  5.9400   -203.20591107   -202.96964282     -0.00995772     -0.00995772
  5.9500   -203.20592349   -202.96962235     -0.00985288     -0.00985288
  5.9600   -203.20591954   -202.96958585     -0.00974893     -0.00974893
  5.9700   -203.20593065   -202.96956474     -0.00964594     -0.00964594
  5.9800   -203.20594204   -202.96952904     -0.00954453     -0.00954453
  5.9900   -203.20595334   -202.96950879     -0.00944343     -0.00944343
  6.0000   -203.20594944   -202.96948887     -0.00934264     -0.00934264
  6.0100   -203.20595975   -202.96945301     -0.00924369     -0.00924369
  6.0200   -203.20596902   -202.96943163     -0.00914504     -0.00914504
  6.0300   -203.20597995   -202.96939706     -0.00904820     -0.00904820
  6.0400   -203.20597445   -202.96937678     -0.00895108     -0.00895108
  6.0500   -203.20598400   -202.96934141     -0.00885601     -0.00885601
  6.0600   -203.20599396   -202.96932196     -0.00876131     -0.00876131
  6.0700   -203.20600342   -202.96928709     -0.00866804     -0.00866804
  6.0800   -203.20601278   -202.96926761     -0.00857508     -0.00857508
  6.0900   -203.20600682   -202.96923307     -0.00848297     -0.00848297
  6.1000   -203.20601597   -202.96921391     -0.00839172     -0.00839172
  6.1100   -203.20602477   -202.96917944     -0.00830181     -0.00830181
  6.1200   -203.20603316   -202.96916004     -0.00821220     -0.00821220
  6.1300   -203.20604175   -202.96914109     -0.00812343     -0.00812343
  6.1400   -203.20603454   -202.96910659     -0.00803558     -0.00803558
  6.1500   -203.20604243   -202.96908745     -0.00794862     -0.00794862
  6.1600   -203.20605018   -202.96905319     -0.00786296     -0.00786296
  6.1700   -203.20605820   -202.96903465     -0.00777759     -0.00777759
  6.1800   -203.20606604   -202.96900094     -0.00769355     -0.00769355
  6.1900   -203.20607367   -202.96898246     -0.00760980     -0.00760980
  6.2000   -203.20606597   -202.96894888     -0.00752684     -0.00752684
  6.2100   -203.20607367   -202.96893090     -0.00744468     -0.00744468
  6.2200   -203.20608057   -202.96891235     -0.00736330     -0.00736330
  6.2300   -203.20608812   -202.96887942     -0.00728316     -0.00728316
  6.2400   -203.20609503   -202.96886130     -0.00720330     -0.00720330
  6.2500   -203.20608670   -202.96882811     -0.00712418     -0.00712418
  6.2600   -203.20609309   -202.96880986     -0.00704584     -0.00704584
  6.2700   -203.20609935   -202.96879167     -0.00696825     -0.00696825
  6.2800   -203.20610548   -202.96875831     -0.00689184     -0.00689184
  6.2900   -203.20611151   -202.96874025     -0.00681574     -0.00681574
  6.3000   -203.20611741   -202.96870703     -0.00674079     -0.00674079
  6.3100   -203.20612342   -202.96868932     -0.00666613     -0.00666613
  6.3200   -203.20611387   -202.96867147     -0.00659177     -0.00659177
  6.3300   -203.20611992   -202.96863892     -0.00651901     -0.00651901
  6.3400   -203.20612538   -202.96862118     -0.00644648     -0.00644648
  6.3500   -203.20613074   -202.96858825     -0.00637504     -0.00637504
  6.3600   -203.20613632   -202.96857096     -0.00630392     -0.00630392
  6.3700   -203.20614147   -202.96855340     -0.00623348     -0.00623348
  6.3800   -203.20614652   -202.96852065     -0.00616412     -0.00616412
  6.3900   -203.20613623   -202.96850319     -0.00609467     -0.00609467
  6.4000   -203.20614138   -202.96848608     -0.00602625     -0.00602625
  6.4100   -203.20614613   -202.96845348     -0.00595892     -0.00595892
  6.4200   -203.20615079   -202.96843618     -0.00589189     -0.00589189
  6.4300   -203.20615538   -202.96841894     -0.00582549     -0.00582549
  6.4400   -203.20616010   -202.96838673     -0.00576009     -0.00576009
  6.4500   -203.20616495   -202.96837003     -0.00569497     -0.00569497
  6.4600   -203.20616928   -202.96835294     -0.00563052     -0.00563052
  6.4700   -203.20615824   -202.96832062     -0.00556669     -0.00556669
  6.4800   -203.20616242   -202.96830364     -0.00550349     -0.00550349
  6.4900   -203.20616651   -202.96828670     -0.00544091     -0.00544091
  6.5000   -203.20617083   -202.96825486     -0.00537931     -0.00537931
  6.5100   -203.20617501   -202.96823825     -0.00531798     -0.00531798
  6.5200   -203.20617907   -202.96822164     -0.00525727     -0.00525727
  6.5300   -203.20618307   -202.96818983     -0.00519750     -0.00519750
  6.5400   -203.20618698   -202.96817330     -0.00513800     -0.00513800
  6.5500   -203.20619057   -202.96815656     -0.00507906     -0.00507906
  6.5600   -203.20617884   -202.96813985     -0.00502040     -0.00502040
  6.5700   -203.20618246   -202.96810811     -0.00496300     -0.00496300
  6.5800   -203.20618607   -202.96809171     -0.00490586     -0.00490586
  6.5900   -203.20618965   -202.96807539     -0.00484930     -0.00484930
  6.6000   -203.20619323   -202.96805916     -0.00479333     -0.00479333
  6.6100   -203.20619644   -202.96802741     -0.00473824     -0.00473824
  6.6200   -203.20619955   -202.96801092     -0.00468340     -0.00468340
  6.6300   -203.20620275   -202.96799459     -0.00462908     -0.00462908
  6.6400   -203.20620574   -202.96797816     -0.00457532     -0.00457532
  6.6500   -203.20619360   -202.96794669     -0.00452214     -0.00452214
  6.6600   -203.20619664   -202.96793048     -0.00446950     -0.00446950
  6.6700   -203.20619945   -202.96791414     -0.00441739     -0.00441739
  6.6800   -203.20620223   -202.96789784     -0.00436582     -0.00436582
  6.6900   -203.20620492   -202.96788155     -0.00431478     -0.00431478
  6.7000   -203.20620797   -202.96785043     -0.00426451     -0.00426451
  6.7100   -203.20621080   -202.96783444     -0.00421450     -0.00421450
  6.7200   -203.20621334   -202.96781824     -0.00416505     -0.00416505
  6.7300   -203.20621582   -202.96780205     -0.00411612     -0.00411612
  6.7400   -203.20621825   -202.96778588     -0.00406767     -0.00406767
  6.7500   -203.20622064   -202.96775450     -0.00401998     -0.00401998
  6.7600   -203.20620809   -202.96773876     -0.00397230     -0.00397230
  6.7700   -203.20621054   -202.96772283     -0.00392540     -0.00392540
  6.7800   -203.20621277   -202.96770676     -0.00387898     -0.00387898
  6.7900   -203.20621512   -202.96769086     -0.00383304     -0.00383304
  6.8000   -203.20621736   -202.96767493     -0.00378758     -0.00378758
  6.8100   -203.20621956   -202.96765902     -0.00374257     -0.00374257
  6.8200   -203.20622163   -202.96764305     -0.00369805     -0.00369805
  6.8300   -203.20622366   -202.96761184     -0.00365426     -0.00365426
  6.8400   -203.20622562   -202.96759589     -0.00361069     -0.00361069
  6.8500   -203.20622756   -202.96757996     -0.00356759     -0.00356759
  6.8600   -203.20622944   -202.96756405     -0.00352493     -0.00352493
  6.8700   -203.20623142   -202.96754828     -0.00348271     -0.00348271
  6.8800   -203.20623345   -202.96753262     -0.00344095     -0.00344095
  6.8900   -203.20622010   -202.96751689     -0.00339943     -0.00339943
  6.9000   -203.20622185   -202.96750106     -0.00335858     -0.00335858
  6.9100   -203.20622366   -202.96748535     -0.00331819     -0.00331819
  6.9200   -203.20622531   -202.96746953     -0.00327838     -0.00327838
  6.9300   -203.20622691   -202.96745373     -0.00323914     -0.00323914
  6.9400   -203.20622848   -202.96743794     -0.00320032     -0.00320032
  6.9500   -203.20623002   -202.96742217     -0.00316195     -0.00316195
  6.9600   -203.20623159   -202.96739122     -0.00312418     -0.00312418
  6.9700   -203.20623312   -202.96737553     -0.00308661     -0.00308661
  6.9800   -203.20623479   -202.96736002     -0.00304945     -0.00304945
  6.9900   -203.20623626   -202.96734437     -0.00301273     -0.00301273
  7.0000   -203.20623764   -202.96732866     -0.00297639     -0.00297639
  7.0100   -203.20623899   -202.96731297     -0.00294049     -0.00294049
  7.0200   -203.20624030   -202.96729728     -0.00290501     -0.00290501
  7.0300   -203.20622635   -202.96728163     -0.00286974     -0.00286974
  7.0400   -203.20622762   -202.96726597     -0.00283506     -0.00283506
  7.0500   -203.20622885   -202.96725033     -0.00280077     -0.00280077
  7.0600   -203.20623006   -202.96723469     -0.00276690     -0.00276690
  7.0700   -203.20623123   -202.96721906     -0.00273337     -0.00273337
  7.0800   -203.20623239   -202.96720344     -0.00270013     -0.00270013
  7.0900   -203.20623356   -202.96718787     -0.00266720     -0.00266720
  7.1000   -203.20623468   -202.96718753     -0.00263444     -0.00263444
  7.1100   -203.20623576   -202.96717194     -0.00260213     -0.00260213
  7.1200   -203.20623683   -202.96715636     -0.00257013     -0.00257013
  7.1300   -203.20623792   -202.96714083     -0.00253848     -0.00253848
  7.1400   -203.20623894   -202.96712527     -0.00250717     -0.00250717
  7.1500   -203.20623994   -202.96710972     -0.00247618     -0.00247618
  7.1600   -203.20624092   -202.96709418     -0.00244553     -0.00244553
  7.1700   -203.20624188   -202.96707864     -0.00241521     -0.00241521
  7.1800   -203.20624282   -202.96706311     -0.00238523     -0.00238523
  7.1900   -203.20624373   -202.96704759     -0.00235563     -0.00235563
  7.2000   -203.20622937   -202.96703208     -0.00232623     -0.00232623
  7.2100   -203.20623036   -202.96701669     -0.00229728     -0.00229728
  7.2200   -203.20623121   -202.96700119     -0.00226879     -0.00226879
  7.2300   -203.20623204   -202.96700095     -0.00224059     -0.00224059
  7.2400   -203.20623285   -202.96698547     -0.00221286     -0.00221286
  7.2500   -203.20623364   -202.96696999     -0.00218545     -0.00218545
  7.2600   -203.20623441   -202.96695452     -0.00215837     -0.00215837
  7.2700   -203.20623521   -202.96693909     -0.00213160     -0.00213160
  7.2800   -203.20623595   -202.96692363     -0.00210516     -0.00210516
  7.2900   -203.20623671   -202.96690822     -0.00207906     -0.00207906
  7.3000   -203.20623746   -202.96689282     -0.00205328     -0.00205328
  7.3100   -203.20623815   -202.96689263     -0.00202738     -0.00202738
  7.3200   -203.20623884   -202.96687719     -0.00200158     -0.00200158
  7.3300   -203.20623952   -202.96686176     -0.00197606     -0.00197606
  7.3400   -203.20624019   -202.96684633     -0.00195082     -0.00195082
  7.3500   -203.20624083   -202.96683091     -0.00192586     -0.00192586
  7.3600   -203.20624147   -202.96681549     -0.00190122     -0.00190122
  7.3700   -203.20624209   -202.96681534     -0.00187676     -0.00187676
  7.3800   -203.20624273   -202.96679998     -0.00185269     -0.00185269
  7.3900   -203.20624332   -202.96678457     -0.00182892     -0.00182892
  7.4000   -203.20622852   -202.96676904     -0.00180447     -0.00180447
  7.4100   -203.20622914   -202.96675365     -0.00177946     -0.00177946
  7.4200   -203.20622975   -202.96675352     -0.00175459     -0.00175459
  7.4300   -203.20623016   -202.96673798     -0.00173099     -0.00173099
  7.4400   -203.20623068   -202.96672260     -0.00170860     -0.00170860
  7.4500   -203.20623142   -202.96670745     -0.00168652     -0.00168652
  7.4600   -203.20623191   -202.96669208     -0.00166473     -0.00166473
  7.4700   -203.20623240   -202.96669196     -0.00164307     -0.00164307
  7.4800   -203.20623287   -202.96667659     -0.00162177     -0.00162177
  7.4900   -203.20623334   -202.96666123     -0.00160074     -0.00160074
  7.5000   -203.20623382   -202.96664591     -0.00157996     -0.00157996
  7.5100   -203.20623427   -202.96664581     -0.00155936     -0.00155936
  7.5200   -203.20623465   -202.96663040     -0.00153859     -0.00153859
  7.5300   -203.20623510   -202.96661505     -0.00151750     -0.00151750
  7.5400   -203.20623555   -202.96659971     -0.00149665     -0.00149665
  7.5500   -203.20623598   -202.96659963     -0.00147597     -0.00147597
  7.5600   -203.20623640   -202.96658429     -0.00145562     -0.00145562
  7.5700   -203.20623693   -202.96656908     -0.00143549     -0.00143549
  7.5800   -203.20623720   -202.96655363     -0.00141659     -0.00141659
  7.5900   -203.20623754   -202.96655355     -0.00139853     -0.00139853
  7.6000   -203.20623797   -202.96653830     -0.00138041     -0.00138041
  7.6100   -203.20623831   -202.96652297     -0.00136251     -0.00136251
  7.6200   -203.20623864   -202.96652290     -0.00134476     -0.00134476
  7.6300   -203.20623896   -202.96650758     -0.00132737     -0.00132737
  7.6400   -203.20623928   -202.96649225     -0.00131018     -0.00131018
  7.6500   -203.20623960   -202.96649221     -0.00129312     -0.00129312
  7.6600   -203.20622466   -202.96647690     -0.00127626     -0.00127626
  7.6700   -203.20622496   -202.96646159     -0.00125974     -0.00125974
  7.6800   -203.20622524   -202.96644627     -0.00124344     -0.00124344
  7.6900   -203.20622553   -202.96644623     -0.00122727     -0.00122727
  7.7000   -203.20622581   -202.96643093     -0.00121140     -0.00121140
  7.7100   -203.20622609   -202.96641563     -0.00119574     -0.00119574
  7.7200   -203.20622634   -202.96641558     -0.00118027     -0.00118027
  7.7300   -203.20622660   -202.96640029     -0.00116515     -0.00116515
  7.7400   -203.20622684   -202.96638498     -0.00115023     -0.00115023
  7.7500   -203.20622708   -202.96638493     -0.00113541     -0.00113541
  7.7600   -203.20622722   -202.96636956     -0.00112192     -0.00112192
  7.7700   -203.20622741   -202.96636951     -0.00110966     -0.00110966
  7.7800   -203.20622758   -202.96635421     -0.00109777     -0.00109777
  7.7900   -203.20622774   -202.96633890     -0.00108612     -0.00108612
  7.8000   -203.20622788   -202.96633882     -0.00107400     -0.00107400
  7.8100   -203.20622806   -202.96632352     -0.00106142     -0.00106142
  7.8200   -203.20622824   -202.96630822     -0.00104894     -0.00104894
  7.8300   -203.20622842   -202.96630818     -0.00103659     -0.00103659
  7.8400   -203.20622859   -202.96629288     -0.00102451     -0.00102451
  7.8500   -203.20622876   -202.96627760     -0.00101264     -0.00101264
  7.8600   -203.20622892   -202.96627756     -0.00100094     -0.00100094
  7.8700   -203.20622908   -202.96626227     -0.00098950     -0.00098950
  7.8800   -203.20622923   -202.96626223     -0.00097821     -0.00097821
  7.8900   -203.20622937   -202.96624694     -0.00096717     -0.00096717
  7.9000   -203.20622951   -202.96623165     -0.00095633     -0.00095633
  7.9100   -203.20622965   -202.96623161     -0.00094563     -0.00094563
  7.9200   -203.20622994   -202.96621648     -0.00093505     -0.00093505
  7.9300   -203.20623007   -202.96621645     -0.00092453     -0.00092453
  7.9400   -203.20623020   -202.96620116     -0.00091425     -0.00091425
  7.9500   -203.20623033   -202.96618587     -0.00090417     -0.00090417
  7.9600   -203.20623044   -202.96618584     -0.00089424     -0.00089424
  7.9700   -203.20623056   -202.96617055     -0.00088477     -0.00088477
  7.9800   -203.20623067   -202.96617053     -0.00087575     -0.00087575
  7.9900   -203.20621551   -202.96615525     -0.00086701     -0.00086701
  8.0000   -203.20621560   -202.96615522     -0.00085848     -0.00085848
  8.0100   -203.20621570   -202.96613994     -0.00085020     -0.00085020
  8.0200   -203.20621579   -202.96612465     -0.00084210     -0.00084210
  8.0300   -203.20621587   -202.96612462     -0.00083424     -0.00083424
  8.0400   -203.20621595   -202.96610934     -0.00082676     -0.00082676
  8.0500   -203.20621602   -202.96610932     -0.00081940     -0.00081940
  8.0600   -203.20621610   -202.96609403     -0.00081226     -0.00081226
  8.0700   -203.20621617   -202.96609401     -0.00080530     -0.00080530
  8.0800   -203.20621621   -202.96607872     -0.00079935     -0.00079935
  8.0900   -203.20621626   -202.96607870     -0.00079431     -0.00079431
  8.1000   -203.20621630   -202.96606342     -0.00078954     -0.00078954
  8.1100   -203.20621634   -202.96606340     -0.00078491     -0.00078491
  8.1200   -203.20621638   -202.96604812     -0.00078053     -0.00078053
  8.1300   -203.20621642   -202.96603284     -0.00077633     -0.00077633
  8.1400   -203.20621646   -202.96603283     -0.00077227     -0.00077227
  8.1500   -203.20621649   -202.96601755     -0.00076849     -0.00076849
  8.1600   -203.20621652   -202.96601754     -0.00076489     -0.00076489
  8.1700   -203.20621655   -202.96600226     -0.00076153     -0.00076153
  8.1800   -203.20621657   -202.96600224     -0.00075835     -0.00075835
  8.1900   -203.20621660   -202.96598697     -0.00075446     -0.00075446
  8.2000   -203.20621663   -202.96598695     -0.00075096     -0.00075096
  8.2100   -203.20621665   -202.96597168     -0.00074771     -0.00074771
  8.2200   -203.20621668   -202.96597166     -0.00074455     -0.00074455
  8.2300   -203.20621670   -202.96595639     -0.00074159     -0.00074159
  8.2400   -203.20621672   -202.96595638     -0.00073877     -0.00073877
  8.2500   -203.20621675   -202.96594111     -0.00073587     -0.00073587
  8.2600   -203.20621677   -202.96594109     -0.00073265     -0.00073265
  8.2700   -203.20621680   -202.96592582     -0.00072967     -0.00072967
  8.2800   -203.20621682   -202.96592581     -0.00072685     -0.00072685
  8.2900   -203.20621684   -202.96591054     -0.00072425     -0.00072425
  8.3000   -203.20621685   -202.96591053     -0.00072179     -0.00072179
  8.3100   -203.20621687   -202.96589526     -0.00071954     -0.00071954
  8.3200   -203.20621689   -202.96589525     -0.00071741     -0.00071741
  8.3300   -203.20621690   -202.96587998     -0.00071551     -0.00071551
  8.3400   -203.20621692   -202.96587997     -0.00071373     -0.00071373
  8.3500   -203.20621693   -202.96586471     -0.00071216     -0.00071216
  8.3600   -203.20621694   -202.96586470     -0.00071072     -0.00071072
  8.3700   -203.20621695   -202.96586469     -0.00070943     -0.00070943
  8.3800   -203.20621695   -202.96584943     -0.00070839     -0.00070839
  8.3900   -203.20621696   -202.96584943     -0.00070751     -0.00070751
  8.4000   -203.20621696   -202.96583416     -0.00070682     -0.00070682
  8.4100   -203.20621697   -202.96583416     -0.00070622     -0.00070622
  8.4200   -203.20621697   -202.96581890     -0.00070584     -0.00070584
  8.4300   -203.20621697   -202.96581890     -0.00070561     -0.00070561
  8.4400   -203.20621697   -202.96580364     -0.00070558     -0.00070558
  8.4500   -203.20621697   -202.96580364     -0.00070548     -0.00070548
  8.4600   -203.20620172   -202.96578838     -0.00070504     -0.00070504
  8.4700   -203.20620172   -202.96578837     -0.00070418     -0.00070418
  8.4800   -203.20620173   -202.96578837     -0.00070311     -0.00070311
  8.4900   -203.20620174   -202.96577310     -0.00070187     -0.00070187
  8.5000   -203.20620175   -202.96577309     -0.00070037     -0.00070037
  8.5100   -203.20620176   -202.96575783     -0.00069874     -0.00069874
  8.5200   -203.20620177   -202.96575782     -0.00069693     -0.00069693
  8.5300   -203.20620178   -202.96574255     -0.00069498     -0.00069498
  8.5400   -203.20620180   -202.96574254     -0.00069280     -0.00069280
  8.5500   -203.20620181   -202.96574253     -0.00069043     -0.00069043
  8.5600   -203.20620183   -202.96572725     -0.00068788     -0.00068788
  8.5700   -203.20620185   -202.96572724     -0.00068513     -0.00068513
  8.5800   -203.20620187   -202.96571197     -0.00068226     -0.00068226
  8.5900   -203.20620189   -202.96571196     -0.00067912     -0.00067912
  8.6000   -203.20620192   -202.96571194     -0.00067575     -0.00067575
  8.6100   -203.20620194   -202.96569667     -0.00067225     -0.00067225
  8.6200   -203.20620197   -202.96569666     -0.00066848     -0.00066848
  8.6300   -203.20620200   -202.96568138     -0.00066454     -0.00066454
  8.6400   -203.20620203   -202.96568137     -0.00066040     -0.00066040
  8.6500   -203.20620206   -202.96566609     -0.00065610     -0.00065610
  8.6600   -203.20620209   -202.96566608     -0.00065154     -0.00065154
  8.6700   -203.20620213   -202.96566606     -0.00064701     -0.00064701
  8.6800   -203.20620217   -202.96565080     -0.00064266     -0.00064266
  8.6900   -203.20620220   -202.96565078     -0.00063806     -0.00063806
  8.7000   -203.20620222   -202.96563549     -0.00063329     -0.00063329
  8.7100   -203.20620226   -202.96563548     -0.00062829     -0.00062829
  8.7200   -203.20620230   -202.96563547     -0.00062310     -0.00062310
  8.7300   -203.20620235   -202.96562020     -0.00061775     -0.00061775
  8.7400   -203.20620239   -202.96562018     -0.00061215     -0.00061215
  8.7500   -203.20620244   -202.96562017     -0.00060636     -0.00060636
  8.7600   -203.20620249   -202.96560490     -0.00060035     -0.00060035
  8.7700   -203.20620254   -202.96560489     -0.00059410     -0.00059410
  8.7800   -203.20620259   -202.96558962     -0.00058770     -0.00058770
  8.7900   -203.20620265   -202.96558961     -0.00058101     -0.00058101
  8.8000   -203.20620270   -202.96558960     -0.00057407     -0.00057407
  8.8100   -203.20620276   -202.96557434     -0.00056694     -0.00056694
  8.8200   -203.20620283   -202.96557433     -0.00055958     -0.00055958
  8.8300   -203.20620289   -202.96557433     -0.00055201     -0.00055201
  8.8400   -203.20620296   -202.96555906     -0.00054425     -0.00054425
  8.8500   -203.20620303   -202.96555906     -0.00053624     -0.00053624
  8.8600   -203.20620310   -202.96554380     -0.00052802     -0.00052802
  8.8700   -203.20620318   -202.96554381     -0.00051952     -0.00051952
  8.8800   -203.20620325   -202.96554380     -0.00051077     -0.00051077
  8.8900   -203.20620332   -202.96552854     -0.00050182     -0.00050182
  8.9000   -203.20620339   -202.96552853     -0.00049261     -0.00049261
  8.9100   -203.20620347   -202.96552853     -0.00048315     -0.00048315
  8.9200   -203.20620356   -202.96551329     -0.00047346     -0.00047346
  8.9300   -203.20620366   -202.96551331     -0.00046333     -0.00046333
  8.9400   -203.20620376   -202.96551333     -0.00045274     -0.00045274
  8.9500   -203.20620387   -202.96549809     -0.00044190     -0.00044190
  8.9600   -203.20620397   -202.96549811     -0.00043076     -0.00043076
  8.9700   -203.20620408   -202.96549815     -0.00041936     -0.00041936
  8.9800   -203.20620419   -202.96548292     -0.00040774     -0.00040774
  8.9900   -203.20620431   -202.96548296     -0.00039578     -0.00039578
  9.0000   -203.20620439   -202.96548296     -0.00038356     -0.00038356
  9.0100   -203.20620447   -202.96546770     -0.00037072     -0.00037072
  9.0200   -203.20620454   -202.96546769     -0.00035784     -0.00035784
  9.0300   -203.20620467   -202.96546775     -0.00034535     -0.00034535
  9.0400   -203.20620480   -202.96545254     -0.00033263     -0.00033263
  9.0500   -203.20620493   -202.96545261     -0.00031958     -0.00031958
  9.0600   -203.20620506   -202.96545267     -0.00030621     -0.00030621
  9.0700   -203.20620521   -202.96543749     -0.00029254     -0.00029254
  9.0800   -203.20620535   -202.96543756     -0.00027852     -0.00027852
  9.0900   -203.20620549   -202.96543764     -0.00026421     -0.00026421
  9.1000   -203.20620563   -202.96542246     -0.00024957     -0.00024957
  9.1100   -203.20620578   -202.96542255     -0.00023458     -0.00023458
  9.1200   -203.20620593   -202.96542264     -0.00021925     -0.00021925
  9.1300   -203.20620610   -202.96540750     -0.00020356     -0.00020356
  9.1400   -203.20620627   -202.96540761     -0.00018747     -0.00018747
  9.1500   -203.20619108   -202.96540763     -0.00017038     -0.00017038
  9.1600   -203.20619133   -202.96539257     -0.00015235     -0.00015235
  9.1700   -203.20619155   -202.96539275     -0.00013391     -0.00013391
  9.1800   -203.20619178   -202.96539294     -0.00011508     -0.00011508
  9.1900   -203.20619181   -202.96537769     -0.00010433     -0.00010433
  9.2000   -203.20619182   -202.96537769     -0.00010195     -0.00010195
  9.2100   -203.20619182   -202.96537770     -0.00009957     -0.00009957
  9.2200   -203.20619183   -202.96537770     -0.00009725     -0.00009725
  9.2300   -203.20619184   -202.96536244     -0.00009497     -0.00009497
  9.2400   -203.20619186   -202.96536246     -0.00009269     -0.00009269
  9.2500   -203.20619186   -202.96536246     -0.00009042     -0.00009042
  9.2600   -203.20619187   -202.96534721     -0.00008816     -0.00008816
  9.2700   -203.20619187   -202.96534721     -0.00008588     -0.00008588
  9.2800   -203.20619188   -202.96534721     -0.00008363     -0.00008363
  9.2900   -203.20619188   -202.96533195     -0.00008139     -0.00008139
  9.3000   -203.20619189   -202.96533195     -0.00007916     -0.00007916
  9.3100   -203.20619189   -202.96533196     -0.00007695     -0.00007695
  9.3200   -203.20619190   -202.96533196     -0.00007473     -0.00007473
  9.3300   -203.20619190   -202.96531670     -0.00007255     -0.00007255
  9.3400   -203.20619190   -202.96531670     -0.00007039     -0.00007039
  9.3500   -203.20619191   -202.96531670     -0.00006824     -0.00006824
  9.3600   -203.20619191   -202.96530145     -0.00006608     -0.00006608
  9.3700   -203.20619192   -202.96530145     -0.00006394     -0.00006394
  9.3800   -203.20619192   -202.96530145     -0.00006182     -0.00006182
  9.3900   -203.20619192   -202.96530145     -0.00005970     -0.00005970
  9.4000   -203.20619193   -202.96528619     -0.00005765     -0.00005765
  9.4100   -203.20619193   -202.96528620     -0.00005562     -0.00005562
  9.4200   -203.20619193   -202.96528620     -0.00005355     -0.00005355
  9.4300   -203.20619194   -202.96527094     -0.00005143     -0.00005143
  9.4400   -203.20619194   -202.96527094     -0.00004933     -0.00004933
  9.4500   -203.20619195   -202.96527094     -0.00004725     -0.00004725
  9.4600   -203.20619195   -202.96527095     -0.00004515     -0.00004515
  9.4700   -203.20619195   -202.96525569     -0.00004309     -0.00004309
  9.4800   -203.20619196   -202.96525569     -0.00004107     -0.00004107
  9.4900   -203.20619197   -202.96525571     -0.00003906     -0.00003906
  9.5000   -203.20619198   -202.96525571     -0.00003706     -0.00003706
  9.5100   -203.20619198   -202.96524045     -0.00003506     -0.00003506
  9.5200   -203.20619198   -202.96524045     -0.00003307     -0.00003307
  9.5300   -203.20619199   -202.96524046     -0.00003106     -0.00003106
  9.5400   -203.20619199   -202.96522520     -0.00002901     -0.00002901
  9.5500   -203.20619199   -202.96522520     -0.00002700     -0.00002700
  9.5600   -203.20619199   -202.96522520     -0.00002502     -0.00002502
  9.5700   -203.20619200   -202.96522521     -0.00002304     -0.00002304
  9.5800   -203.20619200   -202.96520995     -0.00002107     -0.00002107
  9.5900   -203.20619200   -202.96520995     -0.00001946     -0.00001946
  9.6000   -203.20619200   -202.96520995     -0.00001822     -0.00001822
  9.6100   -203.20619200   -202.96520995     -0.00001700     -0.00001700
  9.6200   -203.20619201   -202.96519469     -0.00001581     -0.00001581
  9.6300   -203.20619201   -202.96519470     -0.00001463     -0.00001463
  9.6400   -203.20619201   -202.96519470     -0.00001347     -0.00001347
  9.6500   -203.20619201   -202.96519470     -0.00001236     -0.00001236
  9.6600   -203.20619201   -202.96517944     -0.00001125     -0.00001125
  9.6700   -203.20619201   -202.96517944     -0.00001013     -0.00001013
  9.6800   -203.20619201   -202.96517944     -0.00000904     -0.00000904
  9.6900   -203.20619201   -202.96517944     -0.00000797     -0.00000797
  9.7000   -203.20619201   -202.96516418     -0.00000690     -0.00000690
  9.7100   -203.20619202   -202.96516418     -0.00000586     -0.00000586
  9.7200   -203.20619202   -202.96516418     -0.00000531     -0.00000531
  9.7300   -203.20619202   -202.96516418     -0.00000522     -0.00000522
  9.7400   -203.20619202   -202.96514892     -0.00000517     -0.00000517
  9.7500   -203.20619202   -202.96514892     -0.00000512     -0.00000512
  9.7600   -203.20619202   -202.96514892     -0.00000508     -0.00000508
  9.7700   -203.20619202   -202.96514892     -0.00000507     -0.00000507
  9.7800   -203.20619202   -202.96513367     -0.00000504     -0.00000504
  9.7900   -203.20619202   -202.96513367     -0.00000500     -0.00000500
  9.8000   -203.20619202   -202.96513367     -0.00000497     -0.00000497
  9.8100   -203.20619202   -202.96513367     -0.00000489     -0.00000489
  9.8200   -203.20619202   -202.96513367     -0.00000475     -0.00000475
  9.8300   -203.20619202   -202.96511841     -0.00000463     -0.00000463
  9.8400   -203.20619202   -202.96511841     -0.00000449     -0.00000449
  9.8500   -203.20619202   -202.96511841     -0.00000433     -0.00000433
  9.8600   -203.20619202   -202.96511841     -0.00000416     -0.00000416
  9.8700   -203.20619202   -202.96510315     -0.00000398     -0.00000398
  9.8800   -203.20619202   -202.96510315     -0.00000381     -0.00000381
  9.8900   -203.20619202   -202.96510315     -0.00000363     -0.00000363
  9.9000   -203.20619202   -202.96510315     -0.00000340     -0.00000340
  9.9100   -203.20619202   -202.96510315     -0.00000313     -0.00000313
  9.9200   -203.20619202   -202.96508789     -0.00000286     -0.00000286
  9.9300   -203.20619202   -202.96508789     -0.00000260     -0.00000260
  9.9400   -203.20619202   -202.96508789     -0.00000230     -0.00000230
  9.9500   -203.20619202   -202.96508789     -0.00000196     -0.00000196
  9.9600   -203.20619202   -202.96507263     -0.00000161     -0.00000161
  9.9700   -203.20619202   -202.96507263     -0.00000125     -0.00000125
  9.9800   -203.20619202   -202.96507263     -0.00000085     -0.00000085
  9.9900   -203.20619202   -202.96507263     -0.00000042     -0.00000042
 10.0000   -203.20619202   -202.96507263      0.00000000      0.00000000
