  0.0100      0.00003430        0.00181289        0.00184719
  0.0200      0.00000597        0.00084933        0.00085530
  0.0300      0.00000677        0.00152489        0.00153166
  0.0400      0.00000956        0.00223778        0.00224734
  0.0500      0.00000964        0.00252889        0.00253853
  0.0600      0.00000840        0.00311333        0.00312173
  0.0700      0.00000823        0.00332444        0.00333267
  0.0800      0.00000773        0.00379111        0.00379884
  0.0900      0.00000734        0.00398667        0.00399401
  0.1000      0.00000707        0.00424889        0.00425596
  0.1100      0.00000660        0.00436444        0.00437105
  0.1200      0.00000864        0.00398444        0.00399309
  0.1300      0.00000590        0.00501778        0.00502368
  0.1400      0.00000639        0.00394667        0.00395305
  0.1500      0.00000737        0.00464444        0.00465182
  0.1600      0.00000597        0.00409111        0.00409708
  0.1700      0.00000567        0.00444222        0.00444789
  0.1800      0.00000600        0.00446667        0.00447267
  0.1900      0.00000643        0.00420222        0.00420865
  0.2000      0.00000676        0.00443556        0.00444232
  0.2100      0.00000588        0.00388222        0.00388810
  0.2200      0.00000614        0.00443333        0.00443947
  0.2300      0.00000592        0.00399333        0.00399925
  0.2400      0.00000637        0.00438000        0.00438637
  0.2500      0.00000689        0.00400667        0.00401355
  0.2600      0.00000649        0.00440444        0.00441093
  0.2700      0.00000636        0.00406444        0.00407080
  0.2800      0.00000612        0.00428222        0.00428835
  0.2900      0.00000635        0.00420444        0.00421079
  0.3000      0.00000601        0.00408444        0.00409045
  0.3100      0.00000570        0.00418889        0.00419459
  0.3200      0.00000572        0.00411778        0.00412350
  0.3300      0.00000603        0.00398889        0.00399492
  0.3400      0.00000583        0.00416222        0.00416806
  0.3500      0.00000560        0.00388889        0.00389449
  0.3600      0.00000561        0.00414222        0.00414784
  0.3700      0.00000556        0.00385111        0.00385667
  0.3800      0.00000546        0.00401556        0.00402101
  0.3900      0.00000526        0.00399778        0.00400303
  0.4000      0.00000546        0.00380889        0.00381435
  0.4100      0.00000539        0.00404444        0.00404984
  0.4200      0.00000530        0.00388889        0.00389418
  0.4300      0.00000538        0.00378000        0.00378538
  0.4400      0.00000519        0.00397556        0.00398074
  0.4500      0.00000655        0.00391778        0.00392432
  0.4600      0.00000519        0.00377333        0.00377852
  0.4700      0.00000764        0.00378667        0.00379431
  0.4800      0.00000519        0.00387556        0.00388074
  0.4900      0.00000849        0.00385778        0.00386627
  0.5000      0.00001070        0.00377556        0.00378625
  0.5100      0.00000774        0.00377778        0.00378551
  0.5200      0.00000821        0.00376444        0.00377266
  0.5300      0.00003817        0.00382444        0.00386261
  0.5400      0.00012322        0.00384222        0.00396544
  0.5500      0.00012400        0.00374000        0.00386400
  0.5600      0.00015444        0.00369333        0.00384778
  0.5700      0.00021567        0.00366000        0.00387567
  0.5800      0.00095767        0.00377778        0.00473544
  0.5900      0.00176111        0.00378444        0.00554556
  0.6000      0.00205000        0.00374222        0.00579222
  0.6100      0.00280667        0.00365778        0.00646444
  0.6200      0.00455667        0.00361556        0.00817222
  0.6300      0.01275556        0.00369111        0.01644667
  0.6400      0.02297778        0.00372889        0.02670667
  0.6500      0.02921111        0.00369333        0.03290445
  0.6600      0.03464444        0.00370000        0.03834444
  0.6700      0.04308889        0.00366222        0.04675111
  0.6800      0.05747778        0.00361778        0.06109556
  0.6900      0.08201111        0.00365333        0.08566444
  0.7000      0.09285555        0.00365778        0.09651333
  0.7100      0.10325556        0.00368444        0.10694000
  0.7200      0.11477778        0.00364222        0.11842000
  0.7300      0.13800000        0.00362000        0.14162000
  0.7400      0.15488890        0.00364000        0.15852889
  0.7500      0.16511111        0.00366000        0.16877110
  0.7600      0.17166667        0.00368222        0.17534889
  0.7700      0.17955557        0.00368000        0.18323557
  0.7800      0.20088889        0.00366444        0.20455334
  0.7900      0.21155556        0.00360222        0.21515778
  0.8000      0.23355556        0.00363333        0.23718889
  0.8100      0.25722224        0.00361778        0.26084000
  0.8200      0.25355557        0.00363111        0.25718668
  0.8300      0.25500003        0.00367556        0.25867558
  0.8400      0.27355555        0.00367556        0.27723110
  0.8500      0.26077777        0.00369778        0.26447555
  0.8600      0.27077779        0.00367556        0.27445334
  0.8700      0.27222222        0.00365333        0.27587557
  0.8800      0.27111113        0.00360444        0.27471557
  0.8900      0.28855553        0.00362000        0.29217553
  0.9000      0.27955556        0.00359333        0.28314888
  0.9100      0.29288888        0.00358444        0.29647332
  0.9200      0.29400000        0.00363111        0.29763111
  0.9300      0.29966667        0.00365778        0.30332446
  0.9400      0.30244443        0.00367778        0.30612221
  0.9500      0.30377778        0.00368667        0.30746445
  0.9600      0.30899999        0.00386444        0.31286442
  0.9700      0.31922221        0.00376222        0.32298443
  0.9800      0.32466665        0.00371111        0.32837775
  0.9900      0.33233333        0.00363111        0.33596444
  1.0000      0.33488888        0.00420889        0.33909777
  1.0100      0.34133333        0.00426889        0.34560221
  1.0200      0.34733334        0.00713333        0.35446668
  1.0300      0.35311112        0.00709556        0.36020666
  1.0400      0.36011112        0.00697333        0.36708444
  1.0500      0.36855555        0.00632222        0.37487778
  1.0600      0.37477776        0.00702889        0.38180664
  1.0700      0.38111112        0.00783111        0.38894221
  1.0800      0.38900000        0.01014222        0.39914221
  1.0900      0.39733332        0.01060667        0.40794000
  1.1000      0.40399998        0.01100445        0.41500443
  1.1100      0.40966669        0.00997556        0.41964224
  1.1200      0.41711110        0.01078000        0.42789111
  1.1300      0.42344445        0.01177333        0.43521780
  1.1400      0.42844445        0.01823556        0.44668001
  1.1500      0.43377778        0.01416889        0.44794667
  1.1600      0.44066668        0.02011111        0.46077779
  1.1700      0.44644445        0.01736889        0.46381333
  1.1800      0.45100001        0.01623111        0.46723112
  1.1900      0.45633331        0.03584445        0.49217775
  1.2000      0.46177781        0.01759778        0.47937557
  1.2100      0.46655554        0.02034445        0.48689997
  1.2200      0.47055557        0.02735556        0.49791113
  1.2300      0.47533333        0.02224445        0.49757779
  1.2400      0.47966665        0.02210000        0.50176662
  1.2500      0.48288891        0.02826667        0.51115561
  1.2600      0.48600000        0.02786667        0.51386666
  1.2700      0.48999998        0.03002222        0.52002221
  1.2800      0.49422222        0.02504444        0.51926666
  1.2900      0.49711111        0.02484445        0.52195555
  1.3000      0.50066668        0.02608889        0.52675557
  1.3100      0.50444442        0.02773333        0.53217775
  1.3200      0.50833333        0.03186667        0.54020000
  1.3300      0.51099998        0.03815556        0.54915553
  1.3400      0.51400000        0.02977778        0.54377776
  1.3500      0.51788884        0.02811111        0.54599994
  1.3600      0.52111113        0.02755556        0.54866672
  1.3700      0.52388889        0.02731111        0.55119997
  1.3800      0.52666664        0.02728889        0.55395555
  1.3900      0.53077775        0.02960000        0.56037778
  1.4000      0.53466666        0.02740000        0.56206667
  1.4100      0.53755552        0.02764444        0.56519997
  1.4200      0.54055554        0.02817778        0.56873333
  1.4300      0.54388887        0.02906667        0.57295555
  1.4400      0.54733336        0.03031111        0.57764447
  1.4500      0.54966670        0.03246667        0.58213335
  1.4600      0.55177778        0.04800000        0.59977776
  1.4700      0.55422223        0.03600000        0.59022224
  1.4800      0.55666667        0.03040000        0.58706665
  1.4900      0.55855554        0.02911111        0.58766663
  1.5000      0.55988890        0.02875555        0.58864444
  1.5100      0.56166667        0.02928889        0.59095556
  1.5200      0.56366664        0.03166667        0.59533334
  1.5300      0.56500000        0.03328889        0.59828889
  1.5400      0.56599998        0.03944444        0.60544443
  1.5500      0.56688893        0.03473333        0.60162228
  1.5600      0.56788892        0.03262222        0.60051113
  1.5700      0.56833333        0.03271111        0.60104442
  1.5800      0.56833333        0.03280000        0.60113335
  1.5900      0.56833333        0.03413333        0.60246664
  1.6000      0.56844449        0.03537778        0.60382229
  1.6100      0.56833333        0.03473333        0.60306668
  1.6200      0.56800002        0.03580000        0.60380000
  1.6300      0.56766671        0.03557778        0.60324448
  1.6400      0.56777781        0.03548889        0.60326672
  1.6500      0.56777781        0.03526667        0.60304451
  1.6600      0.56777781        0.03615556        0.60393339
  1.6700      0.56788892        0.04215556        0.61004448
  1.6800      0.56811112        0.03702222        0.60513335
  1.6900      0.56866670        0.03608889        0.60475558
  1.7000      0.56933337        0.03715556        0.60648894
  1.7100      0.57011110        0.05633334        0.62644446
  1.7200      0.57144445        0.03846667        0.60991114
  1.7300      0.57277781        0.03724445        0.61002225
  1.7400      0.57444447        0.03924444        0.61368895
  1.7500      0.57633334        0.04720000        0.62353337
  1.7600      0.57822222        0.03942222        0.61764443
  1.7700      0.58044446        0.03895556        0.61940002
  1.7800      0.58277780        0.04506667        0.62784445
  1.7900      0.58488888        0.04220000        0.62708890
  1.8000      0.58688891        0.04051111        0.62740004
  1.8100      0.58888894        0.04148889        0.63037783
  1.8200      0.59055555        0.04537778        0.63593334
  1.8300      0.59200001        0.04253333        0.63453335
  1.8400      0.59322226        0.04384445        0.63706672
  1.8500      0.59388888        0.04455556        0.63844442
  1.8600      0.59433335        0.05008889        0.64442223
  1.8700      0.59455556        0.04415556        0.63871109
  1.8800      0.59422225        0.04348889        0.63771117
  1.8900      0.59366667        0.04613333        0.63980001
  1.9000      0.59288889        0.04531111        0.63819999
  1.9100      0.59177780        0.04384445        0.63562226
  1.9200      0.59066665        0.04413333        0.63479996
  1.9300      0.58933336        0.04722222        0.63655555
  1.9400      0.58800000        0.04484444        0.63284445
  1.9500      0.58666670        0.04408889        0.63075560
  1.9600      0.58555555        0.04860000        0.63415557
  1.9700      0.58477777        0.04828889        0.63306665
  1.9800      0.58422220        0.04466667        0.62888885
  1.9900      0.58399999        0.04993333        0.63393331
  2.0000      0.58411109        0.06608889        0.65020001
  2.0100      0.58444446        0.04557778        0.63002223
  2.0200      0.58522224        0.05046667        0.63568890
  2.0300      0.58644444        0.04835556        0.63480002
  2.0400      0.58766669        0.04697778        0.63464445
  2.0500      0.58900005        0.05042222        0.63942230
  2.0600      0.59044445        0.04764444        0.63808888
  2.0700      0.59177780        0.04817778        0.63995558
  2.0800      0.59277779        0.05368889        0.64646667
  2.0900      0.59377778        0.04780000        0.64157778
  2.1000      0.59455556        0.04913333        0.64368892
  2.1100      0.59500003        0.05082222        0.64582223
  2.1200      0.59511113        0.04800000        0.64311111
  2.1300      0.59500003        0.04924444        0.64424449
  2.1400      0.59444445        0.05800000        0.65244448
  2.1500      0.59377778        0.04844444        0.64222223
  2.1600      0.59311110        0.05282222        0.64593333
  2.1700      0.59255558        0.04820000        0.64075559
  2.1800      0.59200001        0.04864444        0.64064443
  2.1900      0.59155554        0.05000000        0.64155555
  2.2000      0.59155554        0.04831111        0.63986665
  2.2100      0.59166664        0.06068889        0.65235555
  2.2200      0.59211111        0.04840000        0.64051110
  2.2300      0.59277779        0.04951111        0.64228892
  2.2400      0.59400004        0.05040000        0.64440006
  2.2500      0.59544450        0.04877778        0.64422226
  2.2600      0.59711111        0.05815556        0.65526664
  2.2700      0.59877777        0.04913333        0.64791113
  2.2800      0.60044444        0.05568889        0.65613335
  2.2900      0.60200006        0.05080000        0.65280008
  2.3000      0.60322219        0.05042222        0.65364444
  2.3100      0.60444444        0.05477778        0.65922225
  2.3200      0.60533333        0.05037777        0.65571111
  2.3300      0.60600001        0.05531111        0.66131109
  2.3400      0.60655558        0.05128889        0.65784448
  2.3500      0.60677779        0.05533333        0.66211110
  2.3600      0.60688889        0.05313333        0.66002220
  2.3700      0.60699999        0.06259999        0.66960001
  2.3800      0.60722226        0.05395555        0.66117781
  2.3900      0.60755557        0.05268889        0.66024446
  2.4000      0.60822225        0.05393333        0.66215557
  2.4100      0.60911113        0.05586667        0.66497779
  2.4200      0.61044443        0.05348889        0.66393334
  2.4300      0.61188889        0.05397778        0.66586667
  2.4400      0.61355555        0.05353333        0.66708887
  2.4500      0.61533338        0.05386667        0.66920006
  2.4600      0.61722219        0.05637778        0.67359996
  2.4700      0.61911112        0.05393333        0.67304444
  2.4800      0.62077779        0.06851111        0.68928891
  2.4900      0.62233335        0.05408889        0.67642224
  2.5000      0.62377775        0.05655556        0.68033332
  2.5100      0.62477779        0.05440000        0.67917782
  2.5200      0.62566668        0.05531111        0.68097776
  2.5300      0.62633336        0.05491111        0.68124449
  2.5400      0.62688893        0.05531111        0.68220001
  2.5500      0.62733334        0.05648889        0.68382221
  2.5600      0.62788892        0.05604445        0.68393338
  2.5700      0.62866670        0.06062222        0.68928891
  2.5800      0.62966663        0.05897778        0.68864441
  2.5900      0.63077778        0.06357778        0.69435555
  2.6000      0.63211113        0.07324445        0.70535558
  2.6100      0.63388890        0.06091111        0.69480002
  2.6200      0.63566667        0.05871111        0.69437778
  2.6300      0.63733333        0.05904445        0.69637775
  2.6400      0.63911110        0.05760000        0.69671112
  2.6500      0.64077783        0.05828889        0.69906670
  2.6600      0.64233333        0.05795556        0.70028889
  2.6700      0.64355552        0.05782222        0.70137775
  2.6800      0.64455557        0.05868889        0.70324445
  2.6900      0.64566666        0.05782222        0.70348889
  2.7000      0.64644444        0.05886667        0.70531112
  2.7100      0.64711112        0.05782222        0.70493335
  2.7200      0.64777780        0.05893333        0.70671111
  2.7300      0.64855558        0.05773333        0.70628893
  2.7400      0.64944440        0.05873333        0.70817775
  2.7500      0.65044445        0.05797778        0.70842224
  2.7600      0.65166664        0.05846667        0.71013331
  2.7700      0.65311110        0.05831111        0.71142220
  2.7800      0.65466672        0.05844445        0.71311116
  2.7900      0.65622222        0.05868889        0.71491110
  2.8000      0.65777779        0.05840000        0.71617776
  2.8100      0.65922225        0.05908889        0.71831113
  2.8200      0.66055560        0.05862222        0.71917784
  2.8300      0.66166669        0.05942222        0.72108889
  2.8400      0.66255552        0.05928889        0.72184438
  2.8500      0.66322219        0.05968888        0.72291106
  2.8600      0.66399997        0.06108889        0.72508883
  2.8700      0.66466665        0.06024445        0.72491109
  2.8800      0.66522223        0.07348889        0.73871112
  2.8900      0.66600001        0.06048889        0.72648889
  2.9000      0.66688889        0.06708889        0.73397779
  2.9100      0.66788894        0.06077778        0.72866672
  2.9200      0.66888887        0.06333333        0.73222220
  2.9300      0.67011112        0.06115556        0.73126668
  2.9400      0.67133331        0.06328889        0.73462218
  2.9500      0.67255557        0.06164444        0.73420000
  2.9600      0.67377782        0.06366667        0.73744452
  2.9700      0.67477781        0.06195556        0.73673338
  2.9800      0.67577773        0.06388889        0.73966664
  2.9900      0.67644441        0.06222222        0.73866665
  3.0000      0.67711109        0.06417778        0.74128890
  3.0100      0.67755556        0.06248889        0.74004447
  3.0200      0.67800003        0.06811111        0.74611115
  3.0300      0.67855555        0.06259999        0.74115556
  3.0400      0.67900002        0.06386667        0.74286669
  3.0500      0.67966670        0.06259999        0.74226671
  3.0600      0.68044448        0.06333333        0.74377781
  3.0700      0.68122226        0.06257778        0.74380004
  3.0800      0.68211108        0.06293333        0.74504441
  3.0900      0.68288887        0.06259999        0.74548888
  3.1000      0.68377775        0.06262223        0.74640000
  3.1100      0.68455553        0.06257778        0.74713331
  3.1200      0.68511111        0.06235556        0.74746668
  3.1300      0.68555558        0.06295556        0.74851114
  3.1400      0.68599999        0.06213333        0.74813330
  3.1500      0.68633336        0.06575555        0.75208890
  3.1600      0.68644446        0.06200000        0.74844444
  3.1700      0.68666667        0.08224444        0.76891112
  3.1800      0.68688893        0.06200000        0.74888891
  3.1900      0.68722224        0.06928889        0.75651115
  3.2000      0.68766671        0.06217778        0.74984449
  3.2100      0.68811113        0.06522223        0.75333333
  3.2200      0.68855554        0.06253333        0.75108886
  3.2300      0.68911111        0.06435556        0.75346667
  3.2400      0.68966663        0.06317778        0.75284439
  3.2500      0.69000000        0.06424444        0.75424445
  3.2600      0.69022220        0.06428889        0.75451112
  3.2700      0.69044447        0.06448889        0.75493336
  3.2800      0.69055557        0.06637778        0.75693333
  3.2900      0.69055557        0.06502222        0.75557780
  3.3000      0.69044447        0.07264445        0.76308894
  3.3100      0.69044447        0.06560000        0.75604445
  3.3200      0.69044447        0.07266667        0.76311111
  3.3300      0.69055557        0.06622223        0.75677782
  3.3400      0.69055557        0.07522222        0.76577783
  3.3500      0.69077778        0.06713334        0.75791109
  3.3600      0.69088888        0.07560001        0.76648891
  3.3700      0.69111109        0.06853334        0.75964445
  3.3800      0.69122225        0.07453333        0.76575559
  3.3900      0.69122225        0.07495556        0.76617783
  3.4000      0.69111109        0.07360000        0.76471108
  3.4100      0.69099998        0.07342222        0.76442218
  3.4200      0.69077778        0.07317778        0.76395553
  3.4300      0.69044447        0.07137778        0.76182222
  3.4400      0.69022220        0.07311111        0.76333332
  3.4500      0.69000000        0.07204445        0.76204443
  3.4600      0.68977779        0.07355556        0.76333332
  3.4700      0.68966663        0.07284445        0.76251107
  3.4800      0.68955553        0.07520000        0.76475555
  3.4900      0.68944442        0.07348889        0.76293331
  3.5000      0.68933332        0.08080000        0.77013332
  3.5100      0.68922222        0.07406667        0.76328886
  3.5200      0.68900001        0.07917777        0.76817781
  3.5300      0.68866664        0.07466666        0.76333332
  3.5400      0.68833333        0.07511111        0.76344442
  3.5500      0.68788892        0.07524445        0.76313335
  3.5600      0.68733335        0.07442222        0.76175559
  3.5700      0.68688893        0.07575556        0.76264447
  3.5800      0.68644446        0.07440000        0.76084447
  3.5900      0.68611115        0.07608889        0.76220006
  3.6000      0.68577778        0.07453333        0.76031113
  3.6100      0.68533337        0.07611112        0.76144451
  3.6200      0.68500000        0.07466666        0.75966668
  3.6300      0.68466669        0.07571111        0.76037782
  3.6400      0.68433332        0.07477777        0.75911111
  3.6500      0.68377775        0.07520000        0.75897777
  3.6600      0.68322223        0.07482222        0.75804448
  3.6700      0.68266666        0.07480000        0.75746667
  3.6800      0.68211108        0.07477777        0.75688887
  3.6900      0.68144447        0.07453333        0.75597781
  3.7000      0.68088889        0.07471111        0.75559998
  3.7100      0.68022227        0.07435556        0.75457782
  3.7200      0.67966670        0.07457778        0.75424445
  3.7300      0.67911112        0.07422222        0.75333333
  3.7400      0.67866665        0.07440000        0.75306666
  3.7500      0.67811114        0.07415555        0.75226671
  3.7600      0.67755556        0.07422222        0.75177777
  3.7700      0.67688888        0.07408889        0.75097775
  3.7800      0.67622221        0.07408889        0.75031108
  3.7900      0.67555553        0.07404444        0.74959999
  3.8000      0.67477781        0.07395556        0.74873334
  3.8100      0.67400002        0.07397778        0.74797779
  3.8200      0.67322224        0.07386667        0.74708891
  3.8300      0.67255557        0.07388889        0.74644446
  3.8400      0.67177778        0.07377777        0.74555558
  3.8500      0.67111111        0.07380001        0.74491113
  3.8600      0.67055553        0.07371111        0.74426663
  3.8700      0.66988885        0.07368889        0.74357772
  3.8800      0.66911107        0.07362222        0.74273330
  3.8900      0.66844445        0.07360000        0.74204445
  3.9000      0.66766667        0.07353333        0.74120003
  3.9100      0.66677779        0.07346667        0.74024445
  3.9200      0.66600001        0.07342222        0.73942220
  3.9300      0.66511112        0.07335556        0.73846668
  3.9400      0.66433334        0.07328890        0.73762226
  3.9500      0.66344446        0.07320000        0.73664445
  3.9600      0.66266668        0.07313333        0.73580003
  3.9700      0.66200000        0.07304445        0.73504448
  3.9800      0.66122228        0.07295556        0.73417783
  3.9900      0.66044444        0.07286666        0.73331112
  4.0000      0.65966666        0.07275555        0.73242223
  4.0100      0.65877777        0.07264445        0.73142225
  4.0200      0.65788889        0.07253334        0.73042226
  4.0300      0.65700001        0.07242222        0.72942221
  4.0400      0.65611112        0.07231111        0.72842222
  4.0500      0.65522224        0.07220000        0.72742224
  4.0600      0.65433335        0.07208889        0.72642225
  4.0700      0.65355557        0.07197778        0.72553337
  4.0800      0.65266669        0.07184444        0.72451115
  4.0900      0.65177780        0.07173333        0.72351116
  4.1000      0.65100002        0.07157778        0.72257781
  4.1100      0.65022224        0.07146666        0.72168893
  4.1200      0.64933330        0.07131111        0.72064441
  4.1300      0.64844447        0.07120000        0.71964449
  4.1400      0.64755559        0.07106666        0.71862227
  4.1500      0.64655554        0.07093333        0.71748888
  4.1600      0.64566666        0.07082222        0.71648890
  4.1700      0.64477777        0.07071111        0.71548891
  4.1800      0.64388889        0.07060000        0.71448886
  4.1900      0.64300001        0.07048889        0.71348888
  4.2000      0.64211112        0.07037778        0.71248889
  4.2100      0.64122224        0.07024445        0.71146667
  4.2200      0.64033335        0.07015555        0.71048892
  4.2300      0.63955557        0.07002223        0.70957780
  4.2400      0.63866669        0.06991111        0.70857781
  4.2500      0.63766664        0.06980000        0.70746666
  4.2600      0.63677776        0.06971111        0.70648885
  4.2700      0.63577777        0.06962223        0.70539999
  4.2800      0.63488895        0.06953333        0.70442230
  4.2900      0.63400000        0.06944445        0.70344448
  4.3000      0.63311112        0.06935555        0.70246667
  4.3100      0.63222224        0.06926666        0.70148891
  4.3200      0.63133335        0.06917778        0.70051116
  4.3300      0.63044441        0.06908889        0.69953328
  4.3400      0.62966663        0.06900000        0.69866663
  4.3500      0.62866670        0.06891111        0.69757783
  4.3600      0.62777781        0.06882223        0.69660002
  4.3700      0.62688893        0.06877778        0.69566673
  4.3800      0.62599999        0.06868889        0.69468886
  4.3900      0.62511110        0.06860000        0.69371110
  4.4000      0.62422222        0.06853334        0.69275558
  4.4100      0.62333333        0.06844445        0.69177777
  4.4200      0.62244445        0.06833334        0.69077778
  4.4300      0.62166667        0.06824444        0.68991113
  4.4400      0.62077779        0.06817778        0.68895555
  4.4500      0.61988890        0.06811111        0.68800002
  4.4600      0.61900002        0.06800000        0.68700004
  4.4700      0.61811113        0.06793334        0.68604445
  4.4800      0.61722219        0.06784444        0.68506664
  4.4900      0.61633331        0.06773333        0.68406665
  4.5000      0.61544448        0.06762222        0.68306673
  4.5100      0.61466670        0.06753334        0.68220001
  4.5200      0.61377782        0.06742223        0.68120003
  4.5300      0.61300004        0.06733333        0.68033338
  4.5400      0.61211109        0.06726667        0.67937779
  4.5500      0.61133331        0.06717778        0.67851108
  4.5600      0.61044443        0.06708889        0.67753333
  4.5700      0.60966665        0.06695555        0.67662221
  4.5800      0.60877782        0.06686667        0.67564452
  4.5900      0.60788894        0.06677778        0.67466670
  4.6000      0.60711116        0.06668889        0.67380005
  4.6100      0.60633332        0.06660000        0.67293334
  4.6200      0.60555553        0.06655555        0.67211109
  4.6300      0.60466665        0.06646667        0.67113334
  4.6400      0.60388887        0.06637778        0.67026663
  4.6500      0.60322219        0.06628889        0.66951108
  4.6600      0.60244447        0.06622223        0.66866672
  4.6700      0.60155559        0.06615555        0.66771114
  4.6800      0.60077780        0.06611112        0.66688895
  4.6900      0.60000002        0.06608889        0.66608894
  4.7000      0.59922224        0.06604444        0.66526669
  4.7100      0.59844446        0.06600000        0.66444445
  4.7200      0.59777778        0.06595556        0.66373336
  4.7300      0.59700000        0.06591111        0.66291112
  4.7400      0.59622222        0.06588889        0.66211110
  4.7500      0.59555560        0.06586667        0.66142225
  4.7600      0.59488893        0.06588889        0.66077781
  4.7700      0.59411114        0.06584445        0.65995562
  4.7800      0.59333336        0.06584445        0.65917778
  4.7900      0.59266669        0.06582222        0.65848893
  4.8000      0.59200001        0.06582222        0.65782225
  4.8100      0.59122223        0.06582222        0.65704447
  4.8200      0.59055555        0.06584445        0.65639997
  4.8300      0.58988887        0.06584445        0.65573335
  4.8400      0.58922225        0.06582222        0.65504450
  4.8500      0.58855557        0.06580000        0.65435559
  4.8600      0.58788890        0.06580000        0.65368891
  4.8700      0.58711112        0.06580000        0.65291113
  4.8800      0.58655554        0.06582222        0.65237778
  4.8900      0.58588886        0.06582222        0.65171111
  4.9000      0.58522224        0.06580000        0.65102226
  4.9100      0.58455557        0.06575555        0.65031111
  4.9200      0.58388889        0.06575555        0.64964443
  4.9300      0.58333331        0.06573334        0.64906663
  4.9400      0.58266670        0.06571112        0.64837784
  4.9500      0.58211112        0.06571112        0.64782226
  4.9600      0.58144444        0.06568889        0.64713335
  4.9700      0.58088893        0.06566667        0.64655560
  4.9800      0.58022225        0.06562223        0.64584446
  4.9900      0.57966667        0.06560000        0.64526665
  5.0000      0.57911110        0.06557778        0.64468890
  5.0100      0.57855552        0.06557778        0.64413333
  5.0200      0.57800001        0.06555555        0.64355558
  5.0300      0.57744443        0.06551111        0.64295554
  5.0400      0.57688886        0.06548889        0.64237773
  5.0500      0.57633334        0.06548889        0.64182222
  5.0600      0.57577783        0.06551111        0.64128894
  5.0700      0.57522225        0.06551111        0.64073336
  5.0800      0.57477778        0.06551111        0.64028889
  5.0900      0.57422227        0.06548889        0.63971114
  5.1000      0.57366669        0.06548889        0.63915557
  5.1100      0.57322222        0.06548889        0.63871109
  5.1200      0.57277781        0.06553333        0.63831115
  5.1300      0.57222223        0.06555555        0.63777781
  5.1400      0.57177776        0.06555555        0.63733333
  5.1500      0.57122219        0.06557778        0.63679999
  5.1600      0.57077777        0.06560000        0.63637775
  5.1700      0.57033330        0.06564444        0.63597775
  5.1800      0.56988889        0.06571112        0.63560003
  5.1900      0.56944448        0.06573334        0.63517779
  5.2000      0.56900001        0.06575555        0.63475555
  5.2100      0.56855559        0.06577778        0.63433337
  5.2200      0.56811112        0.06582222        0.63393337
  5.2300      0.56766671        0.06586667        0.63353336
  5.2400      0.56733334        0.06591111        0.63324445
  5.2500      0.56688893        0.06591111        0.63280004
  5.2600      0.56644446        0.06593333        0.63237780
  5.2700      0.56611109        0.06595556        0.63206667
  5.2800      0.56566668        0.06600000        0.63166666
  5.2900      0.56533331        0.06602222        0.63135552
  5.3000      0.56488889        0.06600000        0.63088888
  5.3100      0.56455553        0.06600000        0.63055551
  5.3200      0.56422222        0.06602222        0.63024443
  5.3300      0.56388885        0.06602222        0.62991107
  5.3400      0.56355554        0.06604444        0.62959999
  5.3500      0.56311113        0.06604444        0.62915558
  5.3600      0.56277782        0.06600000        0.62877780
  5.3700      0.56255561        0.06600000        0.62855560
  5.3800      0.56222224        0.06600000        0.62822223
  5.3900      0.56188893        0.06602222        0.62791115
  5.4000      0.56155556        0.06600000        0.62755555
  5.4100      0.56122226        0.06597778        0.62720001
  5.4200      0.56099999        0.06595556        0.62695557
  5.4300      0.56066668        0.06597778        0.62664449
  5.4400      0.56033337        0.06597778        0.62631118
  5.4500      0.56011111        0.06595556        0.62606668
  5.4600      0.55977780        0.06595556        0.62573338
  5.4700      0.55955553        0.06597778        0.62553334
  5.4800      0.55933332        0.06597778        0.62531114
  5.4900      0.55900002        0.06602222        0.62502223
  5.5000      0.55877775        0.06600000        0.62477773
  5.5100      0.55855554        0.06602222        0.62457776
  5.5200      0.55833334        0.06604444        0.62437779
  5.5300      0.55811107        0.06608889        0.62419999
  5.5400      0.55788887        0.06611112        0.62399995
  5.5500      0.55766666        0.06611112        0.62377775
  5.5600      0.55744445        0.06615555        0.62360001
  5.5700      0.55722219        0.06617778        0.62339997
  5.5800      0.55699998        0.06624445        0.62324440
  5.5900      0.55677778        0.06626667        0.62304443
  5.6000      0.55655557        0.06628889        0.62284446
  5.6100      0.55644447        0.06631111        0.62275559
  5.6200      0.55622226        0.06633333        0.62255561
  5.6300      0.55600005        0.06635556        0.62235558
  5.6400      0.55588889        0.06635556        0.62224448
  5.6500      0.55566669        0.06637778        0.62204444
  5.6600      0.55555558        0.06640000        0.62195557
  5.6700      0.55544448        0.06642222        0.62186670
  5.6800      0.55522227        0.06644444        0.62166673
  5.6900      0.55511111        0.06640000        0.62151110
  5.7000      0.55500001        0.06640000        0.62140000
  5.7100      0.55488890        0.06640000        0.62128890
  5.7200      0.55466670        0.06640000        0.62106669
  5.7300      0.55455559        0.06637778        0.62093335
  5.7400      0.55444443        0.06635556        0.62080002
  5.7500      0.55433333        0.06633333        0.62066668
  5.7600      0.55422223        0.06631111        0.62053335
  5.7700      0.55411112        0.06631111        0.62042224
  5.7800      0.55400002        0.06628889        0.62028891
  5.7900      0.55388892        0.06624445        0.62013334
  5.8000      0.55377781        0.06620000        0.61997783
  5.8100      0.55377781        0.06617778        0.61995560
  5.8200      0.55366665        0.06613334        0.61979997
  5.8300      0.55355555        0.06608889        0.61964446
  5.8400      0.55344445        0.06606667        0.61951113
  5.8500      0.55344445        0.06604444        0.61948889
  5.8600      0.55333334        0.06602222        0.61935556
  5.8700      0.55322224        0.06597778        0.61919999
  5.8800      0.55322224        0.06595556        0.61917782
  5.8900      0.55311114        0.06595556        0.61906672
  5.9000      0.55311114        0.06588889        0.61900002
  5.9100      0.55311114        0.06586667        0.61897779
  5.9200      0.55300003        0.06584445        0.61884451
  5.9300      0.55300003        0.06582222        0.61882228
  5.9400      0.55300003        0.06580000        0.61880004
  5.9500      0.55288887        0.06577778        0.61866665
  5.9600      0.55288887        0.06575555        0.61864442
  5.9700      0.55288887        0.06575555        0.61864442
  5.9800      0.55288887        0.06573334        0.61862218
  5.9900      0.55277777        0.06571112        0.61848891
  6.0000      0.55277777        0.06568889        0.61846668
  6.0100      0.55277777        0.06566667        0.61844444
  6.0200      0.55277777        0.06564444        0.61842221
  6.0300      0.55277777        0.06560000        0.61837775
  6.0400      0.55277777        0.06557778        0.61835557
  6.0500      0.55277777        0.06555555        0.61833334
  6.0600      0.55277777        0.06555555        0.61833334
  6.0700      0.55277777        0.06548889        0.61826664
  6.0800      0.55277777        0.06544445        0.61822224
  6.0900      0.55288887        0.06542222        0.61831111
  6.1000      0.55288887        0.06537778        0.61826664
  6.1100      0.55288887        0.06533334        0.61822224
  6.1200      0.55288887        0.06528889        0.61817777
  6.1300      0.55288887        0.06524444        0.61813331
  6.1400      0.55300003        0.06520000        0.61820006
  6.1500      0.55300003        0.06515555        0.61815560
  6.1600      0.55300003        0.06508889        0.61808890
  6.1700      0.55300003        0.06504444        0.61804450
  6.1800      0.55311114        0.06500000        0.61811113
  6.1900      0.55311114        0.06493334        0.61804450
  6.2000      0.55322224        0.06486667        0.61808890
  6.2100      0.55322224        0.06482223        0.61804450
  6.2200      0.55333334        0.06477778        0.61811113
  6.2300      0.55333334        0.06471112        0.61804444
  6.2400      0.55344445        0.06466667        0.61811113
  6.2500      0.55344445        0.06462222        0.61806667
  6.2600      0.55355555        0.06457778        0.61813331
  6.2700      0.55355555        0.06451111        0.61806667
  6.2800      0.55366665        0.06446667        0.61813331
  6.2900      0.55377781        0.06444445        0.61822224
  6.3000      0.55377781        0.06439999        0.61817783
  6.3100      0.55388892        0.06437778        0.61826670
  6.3200      0.55400002        0.06431112        0.61831117
  6.3300      0.55400002        0.06428889        0.61828893
  6.3400      0.55411112        0.06424444        0.61835557
  6.3500      0.55422223        0.06420000        0.61842221
  6.3600      0.55433333        0.06417778        0.61851108
  6.3700      0.55433333        0.06413333        0.61846668
  6.3800      0.55444443        0.06411111        0.61855555
  6.3900      0.55455559        0.06406667        0.61862224
  6.4000      0.55466670        0.06402222        0.61868894
  6.4100      0.55477780        0.06400000        0.61877781
  6.4200      0.55488890        0.06395556        0.61884445
  6.4300      0.55488890        0.06393334        0.61882222
  6.4400      0.55500001        0.06388889        0.61888891
  6.4500      0.55511111        0.06384444        0.61895555
  6.4600      0.55522227        0.06380000        0.61902225
  6.4700      0.55533338        0.06375556        0.61908895
  6.4800      0.55544448        0.06373333        0.61917782
  6.4900      0.55555558        0.06368889        0.61924446
  6.5000      0.55566669        0.06362222        0.61928892
  6.5100      0.55577779        0.06357778        0.61935556
  6.5200      0.55588889        0.06353334        0.61942220
  6.5300      0.55600005        0.06346667        0.61946672
  6.5400      0.55611116        0.06342223        0.61953336
  6.5500      0.55622226        0.06335556        0.61957783
  6.5600      0.55633336        0.06331111        0.61964446
  6.5700      0.55644447        0.06324444        0.61968893
  6.5800      0.55655557        0.06320000        0.61975557
  6.5900      0.55666667        0.06313334        0.61980003
  6.6000      0.55677778        0.06306667        0.61984444
  6.6100      0.55688888        0.06302223        0.61991107
  6.6200      0.55711108        0.06295556        0.62006664
  6.6300      0.55722219        0.06291112        0.62013328
  6.6400      0.55733329        0.06284444        0.62017775
  6.6500      0.55744445        0.06277778        0.62022221
  6.6600      0.55755556        0.06273333        0.62028891
  6.6700      0.55766666        0.06266667        0.62033331
  6.6800      0.55777776        0.06262223        0.62040001
  6.6900      0.55799997        0.06255556        0.62055552
  6.7000      0.55811107        0.06251112        0.62062216
  6.7100      0.55822223        0.06246667        0.62068892
  6.7200      0.55833334        0.06242222        0.62075555
  6.7300      0.55844444        0.06235556        0.62080002
  6.7400      0.55866665        0.06231111        0.62097776
  6.7500      0.55877775        0.06226667        0.62104440
  6.7600      0.55888891        0.06222222        0.62111115
  6.7700      0.55911112        0.06217778        0.62128890
  6.7800      0.55922222        0.06213333        0.62135553
  6.7900      0.55933332        0.06208889        0.62142223
  6.8000      0.55944443        0.06204444        0.62148887
  6.8100      0.55966669        0.06200000        0.62166667
  6.8200      0.55977780        0.06195556        0.62173337
  6.8300      0.55988890        0.06191111        0.62180001
  6.8400      0.56011111        0.06186667        0.62197775
  6.8500      0.56022221        0.06182222        0.62204444
  6.8600      0.56033337        0.06177778        0.62211114
  6.8700      0.56055558        0.06171111        0.62226671
  6.8800      0.56066668        0.06166667        0.62233335
  6.8900      0.56077778        0.06162222        0.62239999
  6.9000      0.56099999        0.06157778        0.62257779
  6.9100      0.56111115        0.06151111        0.62262225
  6.9200      0.56122226        0.06146667        0.62268895
  6.9300      0.56144446        0.06142222        0.62286669
  6.9400      0.56155556        0.06135556        0.62291110
  6.9500      0.56166667        0.06131111        0.62297779
  6.9600      0.56188893        0.06124444        0.62313336
  6.9700      0.56200004        0.06120000        0.62320006
  6.9800      0.56222224        0.06115556        0.62337780
  6.9900      0.56233335        0.06108889        0.62342221
  7.0000      0.56244445        0.06104444        0.62348890
  7.0100      0.56266671        0.06097778        0.62364447
  7.0200      0.56277782        0.06093333        0.62371117
  7.0300      0.56288892        0.06088889        0.62377781
  7.0400      0.56311113        0.06084444        0.62395555
  7.0500      0.56322223        0.06077778        0.62400001
  7.0600      0.56344444        0.06073333        0.62417775
  7.0700      0.56355554        0.06068889        0.62424445
  7.0800      0.56366664        0.06064444        0.62431109
  7.0900      0.56388885        0.06062222        0.62451106
  7.1000      0.56400001        0.06057778        0.62457776
  7.1100      0.56422222        0.06053333        0.62475556
  7.1200      0.56433332        0.06048889        0.62482220
  7.1300      0.56444442        0.06046667        0.62491107
  7.1400      0.56466663        0.06042222        0.62508887
  7.1500      0.56477779        0.06040000        0.62517780
  7.1600      0.56500000        0.06035556        0.62535554
  7.1700      0.56511110        0.06033333        0.62544441
  7.1800      0.56522220        0.06031111        0.62553334
  7.1900      0.56544447        0.06026667        0.62571114
  7.2000      0.56555557        0.06024445        0.62580001
  7.2100      0.56577778        0.06022222        0.62599999
  7.2200      0.56588888        0.06020000        0.62608886
  7.2300      0.56599998        0.06015556        0.62615556
  7.2400      0.56622225        0.06013333        0.62635559
  7.2500      0.56633335        0.06011111        0.62644446
  7.2600      0.56644446        0.06006667        0.62651110
  7.2700      0.56666666        0.06004445        0.62671113
  7.2800      0.56677777        0.06002222        0.62680000
  7.2900      0.56700003        0.06000000        0.62700003
  7.3000      0.56711113        0.05995556        0.62706667
  7.3100      0.56722224        0.05993333        0.62715554
  7.3200      0.56744444        0.05988889        0.62733334
  7.3300      0.56755555        0.05986667        0.62742221
  7.3400      0.56777781        0.05982222        0.62760001
  7.3500      0.56788892        0.05980000        0.62768894
  7.3600      0.56800002        0.05975556        0.62775558
  7.3700      0.56822222        0.05971111        0.62793332
  7.3800      0.56833333        0.05968888        0.62802219
  7.3900      0.56844449        0.05964445        0.62808895
  7.4000      0.56866670        0.05960000        0.62826669
  7.4100      0.56877780        0.05955556        0.62833333
  7.4200      0.56900001        0.05951111        0.62851113
  7.4300      0.56911117        0.05948889        0.62860006
  7.4400      0.56922227        0.05944445        0.62866670
  7.4500      0.56944448        0.05940000        0.62884450
  7.4600      0.56955558        0.05937778        0.62893337
  7.4700      0.56966668        0.05933333        0.62900001
  7.4800      0.56988889        0.05931111        0.62919998
  7.4900      0.56999999        0.05928889        0.62928885
  7.5000      0.57011110        0.05926667        0.62937778
  7.5100      0.57033330        0.05924445        0.62957776
  7.5200      0.57044441        0.05924445        0.62968886
  7.5300      0.57055557        0.05922222        0.62977779
  7.5400      0.57077777        0.05920000        0.62997776
  7.5500      0.57088888        0.05920000        0.63008887
  7.5600      0.57099998        0.05917777        0.63017774
  7.5700      0.57122219        0.05915556        0.63037777
  7.5800      0.57133335        0.05915556        0.63048893
  7.5900      0.57144445        0.05913333        0.63057780
  7.6000      0.57155555        0.05913333        0.63068891
  7.6100      0.57177776        0.05911111        0.63088888
  7.6200      0.57188886        0.05911111        0.63099998
  7.6300      0.57199997        0.05911111        0.63111109
  7.6400      0.57222223        0.05911111        0.63133335
  7.6500      0.57233334        0.05913333        0.63146669
  7.6600      0.57244444        0.05915556        0.63160002
  7.6700      0.57266665        0.05917777        0.63184440
  7.6800      0.57277781        0.05924445        0.63202226
  7.6900      0.57288891        0.05928889        0.63217777
  7.7000      0.57300001        0.05937778        0.63237780
  7.7100      0.57322222        0.05946667        0.63268888
  7.7200      0.57333332        0.05960000        0.63293332
  7.7300      0.57344443        0.05973333        0.63317776
  7.7400      0.57355559        0.05988889        0.63344449
  7.7500      0.57377779        0.06004445        0.63382226
  7.7600      0.57388890        0.06022222        0.63411111
  7.7700      0.57400000        0.06037778        0.63437778
  7.7800      0.57411110        0.06053333        0.63464445
  7.7900      0.57422227        0.06062222        0.63484448
  7.8000      0.57444447        0.06068889        0.63513339
  7.8100      0.57455558        0.06068889        0.63524449
  7.8200      0.57466668        0.06060000        0.63526666
  7.8300      0.57477778        0.06044445        0.63522226
  7.8400      0.57500005        0.06020000        0.63520002
  7.8500      0.57511115        0.05964445        0.63475561
  7.8600      0.57522225        0.05848889        0.63371116
  7.8700      0.57588893        0.05893333        0.63482225
  7.8800      0.57544446        0.05857778        0.63402224
  7.8900      0.57555556        0.05844445        0.63400000
  7.9000      0.57577783        0.05844445        0.63422227
  7.9100      0.57588893        0.05848889        0.63437784
  7.9200      0.57600003        0.05880000        0.63480002
  7.9300      0.57611114        0.05935556        0.63546669
  7.9400      0.57622224        0.06022222        0.63644445
  7.9500      0.57644445        0.06133333        0.63777781
  7.9600      0.57655555        0.06268889        0.63924444
  7.9700      0.57666665        0.06424444        0.64091110
  7.9800      0.57677776        0.06584445        0.64262223
  7.9900      0.57688886        0.06748889        0.64437777
  8.0000      0.57699996        0.06895556        0.64595550
  8.0100      0.57711107        0.07022223        0.64733326
  8.0200      0.57722223        0.07113334        0.64835554
  8.0300      0.57733333        0.07162222        0.64895558
  8.0400      0.57755554        0.07168889        0.64924443
  8.0500      0.57766664        0.07117778        0.64884442
  8.0600      0.57777774        0.07031111        0.64808887
  8.0700      0.57788891        0.06900000        0.64688891
  8.0800      0.57800001        0.06737778        0.64537781
  8.0900      0.57811111        0.06562223        0.64373332
  8.1000      0.57822222        0.06384444        0.64206666
  8.1100      0.57833332        0.06213333        0.64046663
  8.1200      0.57844442        0.06066667        0.63911110
  8.1300      0.57855552        0.05948889        0.63804442
  8.1400      0.57866669        0.05868889        0.63735557
  8.1500      0.57877779        0.05826667        0.63704443
  8.1600      0.57888889        0.05817778        0.63706666
  8.1700      0.57911110        0.05833333        0.63744444
  8.1800      0.57922220        0.05868889        0.63791108
  8.1900      0.57933336        0.05904445        0.63837779
  8.2000      0.57944447        0.05937778        0.63882226
  8.2100      0.57955557        0.05962222        0.63917780
  8.2200      0.57966667        0.05975556        0.63942224
  8.2300      0.57977778        0.05975556        0.63953334
  8.2400      0.57988888        0.05968888        0.63957775
  8.2500      0.57999998        0.05962222        0.63962221
  8.2600      0.58011115        0.05957778        0.63968891
  8.2700      0.58022225        0.05964445        0.63986671
  8.2800      0.58033335        0.05982222        0.64015555
  8.2900      0.58044446        0.06015556        0.64060003
  8.3000      0.58055556        0.06068889        0.64124447
  8.3100      0.58066666        0.06144444        0.64211112
  8.3200      0.58077782        0.06244444        0.64322227
  8.3300      0.58088893        0.06366667        0.64455557
  8.3400      0.58100003        0.06511112        0.64611113
  8.3500      0.58111113        0.06664445        0.64775556
  8.3600      0.58122224        0.06822222        0.64944446
  8.3700      0.58133334        0.06968889        0.65102226
  8.3800      0.58144444        0.07091111        0.65235555
  8.3900      0.58155560        0.07184444        0.65340006
  8.4000      0.58166671        0.07240000        0.65406668
  8.4100      0.58177781        0.07260000        0.65437782
  8.4200      0.58188891        0.07246666        0.65435559
  8.4300      0.58200002        0.07204445        0.65404445
  8.4400      0.58211112        0.07146666        0.65357780
  8.4500      0.58222222        0.07080000        0.65302223
  8.4600      0.58233339        0.06960000        0.65193337
  8.4700      0.58255559        0.07355556        0.65611112
  8.4800      0.58255559        0.06524444        0.64780003
  8.4900      0.58266670        0.06546667        0.64813340
  8.5000      0.58277780        0.06695555        0.64973336
  8.5100      0.58288890        0.06648889        0.64937782
  8.5200      0.58288890        0.06740000        0.65028888
  8.5300      0.58311111        0.06782223        0.65093333
  8.5400      0.58311111        0.06800000        0.65111113
  8.5500      0.58322221        0.06831111        0.65153331
  8.5600      0.58333331        0.06875555        0.65208888
  8.5700      0.58344442        0.06944445        0.65288889
  8.5800      0.58355552        0.07040000        0.65395552
  8.5900      0.58366662        0.07173333        0.65539998
  8.6000      0.58377779        0.07348889        0.65726668
  8.6100      0.58388889        0.07560001        0.65948892
  8.6200      0.58399999        0.07800000        0.66200000
  8.6300      0.58399999        0.08064444        0.66464442
  8.6400      0.58411109        0.08335555        0.66746664
  8.6500      0.58422220        0.08580000        0.67002219
  8.6600      0.58433330        0.08797778        0.67231107
  8.6700      0.58444446        0.08942222        0.67386669
  8.6800      0.58455557        0.09024445        0.67480004
  8.6900      0.58466667        0.09002222        0.67468888
  8.7000      0.58466667        0.08891111        0.67357779
  8.7100      0.58477777        0.08673333        0.67151111
  8.7200      0.58488888        0.08382223        0.66871113
  8.7300      0.58499998        0.08033333        0.66533333
  8.7400      0.58511108        0.07644445        0.66155553
  8.7500      0.58522224        0.07255556        0.65777779
  8.7600      0.58522224        0.06893334        0.65415561
  8.7700      0.58533335        0.06575555        0.65108889
  8.7800      0.58544445        0.06322222        0.64866668
  8.7900      0.58555555        0.06135556        0.64691108
  8.8000      0.58566666        0.06013333        0.64579999
  8.8100      0.58566666        0.05951111        0.64517778
  8.8200      0.58577776        0.05924445        0.64502221
  8.8300      0.58588886        0.05931111        0.64519995
  8.8400      0.58600003        0.05942222        0.64542222
  8.8500      0.58611113        0.05948889        0.64560002
  8.8600      0.58622223        0.05942222        0.64564443
  8.8700      0.58622223        0.05920000        0.64542222
  8.8800      0.58633333        0.05891111        0.64524442
  8.8900      0.58644444        0.05860000        0.64504445
  8.9000      0.58655554        0.05837778        0.64493334
  8.9100      0.58666670        0.05826667        0.64493334
  8.9200      0.58677781        0.05828889        0.64506668
  8.9300      0.58677781        0.05844445        0.64522225
  8.9400      0.58688891        0.05877778        0.64566666
  8.9500      0.58700001        0.05933333        0.64633334
  8.9600      0.58711112        0.06017778        0.64728892
  8.9700      0.58722222        0.06137778        0.64859998
  8.9800      0.58722222        0.06297778        0.65020001
  8.9900      0.58733332        0.06491111        0.65224445
  9.0000      0.58744448        0.06711111        0.65455562
  9.0100      0.58755559        0.06940000        0.65695560
  9.0200      0.58766669        0.07164445        0.65931112
  9.0300      0.58766669        0.07371111        0.66137779
  9.0400      0.58777779        0.07544445        0.66322225
  9.0500      0.58788890        0.07673333        0.66462225
  9.0600      0.58800000        0.07751111        0.66551113
  9.0700      0.58800000        0.07773333        0.66573334
  9.0800      0.58811116        0.07753333        0.66564453
  9.0900      0.58822227        0.07688889        0.66511118
  9.1000      0.58833337        0.07560001        0.66393340
  9.1100      0.58833337        0.08720000        0.67553335
  9.1200      0.58844447        0.06937778        0.65782225
  9.1300      0.58855557        0.06946667        0.65802222
  9.1400      0.58866668        0.07813333        0.66680002
  9.1500      0.58866668        0.07113334        0.65979999
  9.1600      0.58877778        0.07877778        0.66755557
  9.1700      0.58888894        0.07584444        0.66473341
  9.1800      0.58888894        0.07695556        0.66584450
  9.1900      0.58900005        0.07822222        0.66722226
  9.2000      0.58911115        0.07933334        0.66844451
  9.2100      0.58911115        0.08026667        0.66937780
  9.2200      0.58922225        0.08097778        0.67020005
  9.2300      0.58933336        0.08153334        0.67086667
  9.2400      0.58933336        0.08204444        0.67137778
  9.2500      0.58944446        0.08268889        0.67213333
  9.2600      0.58955556        0.08366667        0.67322224
  9.2700      0.58966666        0.08511111        0.67477775
  9.2800      0.58966666        0.08708889        0.67675555
  9.2900      0.58977777        0.08953334        0.67931110
  9.3000      0.58988887        0.09242222        0.68231112
  9.3100      0.58988887        0.09544445        0.68533331
  9.3200      0.58999997        0.09833334        0.68833333
  9.3300      0.59011108        0.10097778        0.69108886
  9.3400      0.59022218        0.10293333        0.69315553
  9.3500      0.59022218        0.10388889        0.69411105
  9.3600      0.59033334        0.10391111        0.69424444
  9.3700      0.59044445        0.10288889        0.69333333
  9.3800      0.59055555        0.10073333        0.69128889
  9.3900      0.59055555        0.09780000        0.68835557
  9.4000      0.59066665        0.09431111        0.68497777
  9.4100      0.59077775        0.09051111        0.68128884
  9.4200      0.59077775        0.08673333        0.67751110
  9.4300      0.59088886        0.08320000        0.67408884
  9.4400      0.59099996        0.08015556        0.67115551
  9.4500      0.59099996        0.07762222        0.66862220
  9.4600      0.59111112        0.07564445        0.66675556
  9.4700      0.59111112        0.07422222        0.66533333
  9.4800      0.59122223        0.07328890        0.66451114
  9.4900      0.59133333        0.07273334        0.66406667
  9.5000      0.59133333        0.07248889        0.66382223
  9.5100      0.59144443        0.07246666        0.66391110
  9.5200      0.59144443        0.07248889        0.66393334
  9.5300      0.59155554        0.07248889        0.66404444
  9.5400      0.59155554        0.07233334        0.66388887
  9.5500      0.59166664        0.07202222        0.66368884
  9.5600      0.59177780        0.07153334        0.66331112
  9.5700      0.59177780        0.07088889        0.66266668
  9.5800      0.59188890        0.07011111        0.66200000
  9.5900      0.59188890        0.06924444        0.66113335
  9.6000      0.59200001        0.06837778        0.66037780
  9.6100      0.59211111        0.06768889        0.65979999
  9.6200      0.59211111        0.06726667        0.65937781
  9.6300      0.59222221        0.06731111        0.65953332
  9.6400      0.59233332        0.06786667        0.66020000
  9.6500      0.59233332        0.06895556        0.66128886
  9.6600      0.59244442        0.07044444        0.66288888
  9.6700      0.59255558        0.07220000        0.66475558
  9.6800      0.59255558        0.07395556        0.66651112
  9.6900      0.59266669        0.07551111        0.66817778
  9.7000      0.59277779        0.07675556        0.66953337
  9.7100      0.59277779        0.07760000        0.67037779
  9.7200      0.59288889        0.07804445        0.67093337
  9.7300      0.59288889        0.07817778        0.67106664
  9.7400      0.59299999        0.07808889        0.67108887
  9.7500      0.59311110        0.07786667        0.67097777
  9.7600      0.59311110        0.07782222        0.67093331
  9.7700      0.59322226        0.08657778        0.67980003
  9.7800      0.59322226        0.07880000        0.67202228
  9.7900      0.59333336        0.07255556        0.66588891
  9.8000      0.59333336        0.07171111        0.66504449
  9.8100      0.59344447        0.07208889        0.66553336
  9.8200      0.59344447        0.07295556        0.66640002
  9.8300      0.59355557        0.07831112        0.67186666
  9.8400      0.59355557        0.07695556        0.67051113
  9.8500      0.59366667        0.07697777        0.67064446
  9.8600      0.59366667        0.07737777        0.67104447
  9.8700      0.59377778        0.07808889        0.67186666
  9.8800      0.59377778        0.07911111        0.67288888
  9.8900      0.59388888        0.08033333        0.67422223
  9.9000      0.59388888        0.08164445        0.67553329
  9.9100      0.59400004        0.08291111        0.67691118
  9.9200      0.59400004        0.08406667        0.67806673
  9.9300      0.59411114        0.08513334        0.67924446
  9.9400      0.59411114        0.08620000        0.68031114
  9.9500      0.59422225        0.08735555        0.68157780
  9.9600      0.59433335        0.08875556        0.68308890
  9.9700      0.59433335        0.09053334        0.68486667
  9.9800      0.59444445        0.09282222        0.68726671
  9.9900      0.59444445        0.09551112        0.68995559
 10.0000      0.59455556        0.09864444        0.69319999
