  0.0100      0.00013022        0.00940667        0.00953689
  0.0200      0.00013750        0.00508444        0.00522194
  0.0300      0.00032628        0.01024000        0.01056628
  0.0400      0.00007417        0.01345556        0.01352972
  0.0500      0.00042844        0.01502222        0.01545067
  0.0600      0.00022917        0.01617778        0.01640695
  0.0700      0.00008706        0.01597778        0.01606484
  0.0800      0.00035556        0.01575556        0.01611111
  0.0900      0.00018356        0.01587778        0.01606133
  0.1000      0.00012661        0.01496667        0.01509328
  0.1100      0.00027456        0.01525556        0.01553011
  0.1200      0.00241611        0.01528889        0.01770500
  0.1300      0.00013011        0.01430000        0.01443011
  0.1400      0.00035533        0.01487778        0.01523311
  0.1500      0.00033744        0.01374444        0.01408189
  0.1600      0.00051944        0.01403333        0.01455278
  0.1700      0.00102500        0.01696667        0.01799167
  0.1800      0.00188667        0.02810000        0.02998667
  0.1900      0.00265722        0.09092222        0.09357944
  0.2000      0.00329778        0.15955555        0.16285333
  0.2100      0.00397889        0.30188888        0.30586776
  0.2200      0.00447667        0.42311111        0.42758778
  0.2300      0.00525778        0.55566669        0.56092447
  0.2400      0.00641667        0.65944445        0.66586113
  0.2500      0.00668333        0.76288891        0.76957226
  0.2600      0.00722222        0.84400004        0.85122228
  0.2700      0.00774444        0.88144445        0.88918889
  0.2800      0.00846111        0.89144444        0.89990556
  0.2900      0.00967222        0.87155557        0.88122779
  0.3000      0.01120556        0.87755555        0.88876110
  0.3100      0.01266111        0.86288887        0.87554997
  0.3200      0.01437778        0.87288886        0.88726664
  0.3300      0.01616111        0.89500004        0.91116112
  0.3400      0.01816111        0.91244441        0.93060553
  0.3500      0.02051667        0.93855554        0.95907223
  0.3600      0.02364444        0.98033333        1.00397778
  0.3700      0.02721111        1.02700007        1.05421114
  0.3800      0.03115556        1.07777774        1.10893333
  0.3900      0.03621667        1.12222230        1.15843892
  0.4000      0.04146667        1.15555549        1.19702220
  0.4100      0.04663333        1.17444444        1.22107780
  0.4200      0.05206667        1.17111111        1.22317779
  0.4300      0.05738889        1.15888894        1.21627784
  0.4400      0.06277778        1.12888885        1.19166660
  0.4500      0.06800000        1.11111116        1.17911112
  0.4600      0.07283334        1.11888885        1.19172215
  0.4700      0.07800000        1.13000000        1.20799994
  0.4800      0.08261111        1.13333333        1.21594441
  0.4900      0.08688889        1.17555559        1.26244450
  0.5000      0.09105556        1.21222222        1.30327773
  0.5100      0.09472223        1.25111115        1.34583342
  0.5200      0.09833334        1.28666663        1.38499999
  0.5300      0.10111111        1.32777774        1.42888880
  0.5400      0.10383333        1.34111106        1.44494438
  0.5500      0.10611111        1.33222222        1.43833327
  0.5600      0.10838889        1.34555554        1.45394444
  0.5700      0.11050000        1.32000005        1.43050003
  0.5800      0.11250000        1.29888880        1.41138875
  0.5900      0.11455556        1.28444445        1.39900005
  0.6000      0.11655556        1.27000010        1.38655567
  0.6100      0.11888889        1.26777780        1.38666666
  0.6200      0.12111112        1.27222216        1.39333332
  0.6300      0.12372223        1.28222227        1.40594447
  0.6400      0.12627777        1.32111120        1.44738901
  0.6500      0.12900001        1.32222223        1.45122218
  0.6600      0.13144444        1.33666670        1.46811116
  0.6700      0.13394445        1.35888886        1.49283338
  0.6800      0.13627778        1.37888885        1.51516664
  0.6900      0.13866667        1.38444448        1.52311110
  0.7000      0.14077778        1.38888896        1.52966678
  0.7100      0.14283334        1.38999999        1.53283334
  0.7200      0.14461111        1.38999999        1.53461111
  0.7300      0.14627777        1.38666666        1.53294444
  0.7400      0.14777778        1.38555562        1.53333342
  0.7500      0.14933333        1.38666666        1.53600001
  0.7600      0.15072222        1.38777781        1.53850007
  0.7700      0.15216668        1.39333332        1.54550004
  0.7800      0.15344445        1.40666664        1.56011105
  0.7900      0.15488890        1.42333341        1.57822227
  0.8000      0.15611111        1.44888890        1.60500002
  0.8100      0.15755555        1.47333336        1.63088894
  0.8200      0.15888889        1.49111116        1.65000010
  0.8300      0.16038890        1.50333333        1.66372228
  0.8400      0.16177778        1.51222217        1.67399991
  0.8500      0.16322222        1.51888895        1.68211114
  0.8600      0.16455555        1.52333331        1.68788886
  0.8700      0.16594444        1.53555548        1.70149994
  0.8800      0.16727777        1.52888894        1.69616675
  0.8900      0.16872223        1.51555562        1.68427789
  0.9000      0.17022222        1.50666678        1.67688894
  0.9100      0.17166667        1.50222230        1.67388892
  0.9200      0.17322223        1.50444448        1.67766666
  0.9300      0.17466667        1.50999999        1.68466663
  0.9400      0.17627779        1.51777780        1.69405556
  0.9500      0.17777778        1.51888895        1.69666672
  0.9600      0.17938890        1.51777780        1.69716668
  0.9700      0.18094444        1.52333331        1.70427775
  0.9800      0.18255556        1.53333342        1.71588898
  0.9900      0.18411110        1.54333341        1.72744453
  1.0000      0.18555555        1.54999995        1.73555553
  1.0100      0.18705556        1.55333328        1.74038887
  1.0200      0.18838890        1.55666673        1.74505568
  1.0300      0.18977778        1.56000006        1.74977779
  1.0400      0.19100000        1.56111109        1.75211108
  1.0500      0.19222222        1.56111109        1.75333333
  1.0600      0.19344445        1.56000006        1.75344455
  1.0700      0.19455557        1.55888891        1.75344443
  1.0800      0.19572222        1.55666673        1.75238895
  1.0900      0.19683333        1.55666673        1.75350010
  1.1000      0.19800000        1.55666673        1.75466669
  1.1100      0.19911112        1.55666673        1.75577784
  1.1200      0.20022222        1.55777788        1.75800014
  1.1300      0.20138890        1.56000006        1.76138902
  1.1400      0.20250000        1.56222224        1.76472223
  1.1500      0.20355555        1.56555557        1.76911116
  1.1600      0.20461112        1.56777775        1.77238894
  1.1700      0.20561111        1.57000005        1.77561116
  1.1800      0.20666666        1.57222223        1.77888894
  1.1900      0.20761111        1.57333338        1.78094447
  1.2000      0.20855555        1.57333338        1.78188896
  1.2100      0.20944445        1.57222223        1.78166664
  1.2200      0.21033333        1.57111120        1.78144455
  1.2300      0.21127778        1.56888890        1.78016663
  1.2400      0.21216667        1.56555557        1.77772224
  1.2500      0.21311112        1.56111109        1.77422225
  1.2600      0.21444444        1.55666673        1.77111113
  1.2700      0.21494444        1.55222225        1.76716673
  1.2800      0.21594445        1.54777777        1.76372218
  1.2900      0.21694444        1.54444444        1.76138890
  1.3000      0.21800001        1.54111111        1.75911117
  1.3100      0.21900000        1.53777778        1.75677776
  1.3200      0.21994445        1.53444445        1.75438893
  1.3300      0.22100000        1.53222227        1.75322223
  1.3400      0.22188888        1.53000009        1.75188899
  1.3500      0.22277780        1.52888894        1.75166678
  1.3600      0.22372222        1.52888894        1.75261116
  1.3700      0.22450000        1.52888894        1.75338888
  1.3800      0.22533335        1.53000009        1.75533342
  1.3900      0.22616668        1.53111112        1.75727785
  1.4000      0.22694445        1.53333342        1.76027787
  1.4100      0.22772223        1.53555548        1.76327777
  1.4200      0.22844444        1.53777778        1.76622224
  1.4300      0.22922222        1.53999996        1.76922214
  1.4400      0.22999999        1.54222226        1.77222228
  1.4500      0.23072222        1.54333341        1.77405560
  1.4600      0.23155557        1.54555559        1.77711117
  1.4700      0.23233335        1.54666674        1.77900004
  1.4800      0.23316666        1.54777777        1.78094447
  1.4900      0.23400000        1.54777777        1.78177774
  1.5000      0.23477776        1.54777777        1.78255558
  1.5100      0.23561113        1.54777777        1.78338885
  1.5200      0.23644444        1.54666674        1.78311121
  1.5300      0.23727778        1.54555559        1.78283334
  1.5400      0.23811109        1.54444444        1.78255558
  1.5500      0.23894446        1.54222226        1.78116667
  1.5600      0.23972222        1.53999996        1.77972221
  1.5700      0.24061111        1.53666663        1.77727771
  1.5800      0.24144445        1.53333342        1.77477789
  1.5900      0.24227779        1.53000009        1.77227783
  1.6000      0.24316666        1.52666664        1.76983333
  1.6100      0.24405557        1.52444446        1.76850009
  1.6200      0.24488889        1.52111113        1.76600003
  1.6300      0.24583335        1.51777780        1.76361120
  1.6400      0.24672222        1.51444447        1.76116669
  1.6500      0.24761111        1.51111114        1.75872231
  1.6600      0.24855556        1.50888884        1.75744438
  1.6700      0.24938889        1.50666678        1.75605571
  1.6800      0.25027779        1.50333333        1.75361109
  1.6900      0.25116667        1.50111115        1.75227785
  1.7000      0.25205556        1.49888885        1.75094438
  1.7100      0.25288889        1.49555552        1.74844444
  1.7200      0.25377777        1.49444449        1.74822223
  1.7300      0.25461113        1.49111116        1.74572229
  1.7400      0.25549999        1.49000001        1.74549997
  1.7500      0.25633332        1.48777783        1.74411118
  1.7600      0.25716668        1.48555553        1.74272227
  1.7700      0.25800002        1.48333335        1.74133337
  1.7800      0.25888887        1.48222220        1.74111104
  1.7900      0.25972223        1.48000002        1.73972225
  1.8000      0.26061112        1.47888899        1.73950005
  1.8100      0.26155558        1.47777784        1.73933339
  1.8200      0.26238889        1.47555554        1.73794436
  1.8300      0.26327777        1.47333336        1.73661113
  1.8400      0.26416668        1.47222221        1.73638892
  1.8500      0.26505557        1.46999991        1.73505545
  1.8600      0.26588887        1.46777785        1.73366666
  1.8700      0.26672223        1.46555555        1.73227775
  1.8800      0.26755556        1.46222222        1.72977781
  1.8900      0.26861110        1.46000004        1.72861111
  1.9000      0.26922223        1.45666659        1.72588885
  1.9100      0.27011111        1.45444453        1.72455561
  1.9200      0.27088889        1.45111120        1.72200012
  1.9300      0.27166668        1.44777775        1.71944439
  1.9400      0.27244443        1.44444442        1.71688890
  1.9500      0.27322224        1.44111121        1.71433342
  1.9600      0.27405557        1.43777776        1.71183336
  1.9700      0.27483335        1.43333328        1.70816660
  1.9800      0.27561110        1.42999995        1.70561099
  1.9900      0.27638888        1.42555559        1.70194447
  2.0000      0.27727780        1.42222226        1.69950008
  2.0100      0.27794445        1.41666663        1.69461107
  2.0200      0.27877778        1.41222227        1.69099998
  2.0300      0.27955556        1.40777779        1.68733335
  2.0400      0.28033334        1.40333331        1.68366671
  2.0500      0.28116667        1.39888895        1.68005562
  2.0600      0.28188887        1.39333332        1.67522216
  2.0700      0.28266665        1.38777781        1.67044449
  2.0800      0.28344446        1.38222218        1.66566658
  2.0900      0.28422225        1.37666667        1.66088891
  2.1000      0.28500000        1.37111115        1.65611112
  2.1100      0.28583333        1.36555552        1.65138888
  2.1200      0.28661111        1.35888886        1.64549994
  2.1300      0.28738889        1.35333335        1.64072227
  2.1400      0.28816667        1.34666669        1.63483334
  2.1500      0.28900000        1.34111106        1.63011110
  2.1600      0.28977779        1.33444452        1.62422228
  2.1700      0.29055557        1.32777774        1.61833334
  2.1800      0.29133335        1.32111120        1.61244452
  2.1900      0.29211110        1.31444442        1.60655546
  2.2000      0.29288888        1.30666673        1.59955561
  2.2100      0.29372224        1.29999995        1.59372222
  2.2200      0.29450002        1.29333341        1.58783340
  2.2300      0.29527777        1.28555548        1.58083320
  2.2400      0.29605556        1.27777779        1.57383335
  2.2500      0.29688889        1.27111113        1.56800008
  2.2600      0.29766667        1.26333332        1.56099999
  2.2700      0.29844445        1.25555563        1.55400014
  2.2800      0.29927778        1.24777770        1.54705548
  2.2900      0.30005556        1.24000001        1.54005551
  2.3000      0.30088890        1.23222220        1.53311110
  2.3100      0.30166665        1.22444451        1.52611113
  2.3200      0.30250001        1.21666670        1.51916671
  2.3300      0.30333334        1.21000004        1.51333332
  2.3400      0.30411112        1.20222223        1.50633335
  2.3500      0.30494443        1.19444442        1.49938881
  2.3600      0.30577779        1.18777776        1.49355555
  2.3700      0.30661112        1.17999995        1.48661113
  2.3800      0.30744445        1.17333341        1.48077786
  2.3900      0.30822220        1.16555560        1.47377777
  2.4000      0.30905557        1.15888894        1.46794450
  2.4100      0.30988890        1.15222228        1.46211123
  2.4200      0.31066668        1.14555562        1.45622230
  2.4300      0.31149998        1.13888896        1.45038891
  2.4400      0.31233335        1.13222218        1.44455552
  2.4500      0.31311113        1.12555563        1.43866682
  2.4600      0.31400001        1.12000000        1.43400002
  2.4700      0.31483331        1.11444438        1.42927766
  2.4800      0.31555554        1.10822225        1.42377782
  2.4900      0.31638891        1.10266662        1.41905546
  2.5000      0.31716669        1.09733343        1.41450012
  2.5100      0.31799999        1.09233344        1.41033340
  2.5200      0.31877777        1.08744442        1.40622222
  2.5300      0.31961110        1.08277774        1.40238881
  2.5400      0.32038891        1.07844448        1.39883339
  2.5500      0.32116666        1.07433331        1.39549994
  2.5600      0.32200000        1.07055557        1.39255559
  2.5700      0.32277778        1.06700003        1.38977778
  2.5800      0.32355556        1.06366670        1.38722229
  2.5900      0.32433334        1.06055558        1.38488889
  2.6000      0.32511112        1.05766666        1.38277781
  2.6100      0.32583332        1.05511117        1.38094449
  2.6200      0.32661113        1.05277789        1.37938905
  2.6300      0.32738891        1.05077779        1.37816668
  2.6400      0.32811111        1.04877782        1.37688899
  2.6500      0.32888889        1.04700005        1.37588894
  2.6600      0.32961112        1.04577780        1.37538886
  2.6700      0.33033335        1.04444444        1.37477779
  2.6800      0.33105555        1.04333341        1.37438893
  2.6900      0.33177778        1.04244447        1.37422228
  2.7000      0.33244446        1.04166663        1.37411106
  2.7100      0.33316669        1.04100001        1.37416673
  2.7200      0.33383334        1.04055560        1.37438893
  2.7300      0.33455554        1.04022229        1.37477779
  2.7400      0.33522221        1.04011118        1.37533343
  2.7500      0.33588889        1.04011118        1.37600005
  2.7600      0.33655557        1.04011118        1.37666678
  2.7700      0.33722225        1.04011118        1.37733340
  2.7800      0.33783332        1.04022229        1.37805557
  2.7900      0.33849999        1.04044449        1.37894452
  2.8000      0.33911112        1.04077780        1.37988889
  2.8100      0.33972222        1.04111111        1.38083339
  2.8200      0.34033334        1.04155552        1.38188887
  2.8300      0.34088889        1.04188883        1.38277769
  2.8400      0.34149998        1.04211104        1.38361096
  2.8500      0.34205556        1.04233325        1.38438880
  2.8600      0.34261110        1.04255557        1.38516665
  2.8700      0.34322223        1.04277778        1.38600004
  2.8800      0.34377781        1.04288888        1.38666666
  2.8900      0.34427777        1.04277778        1.38705552
  2.9000      0.34483331        1.04266667        1.38750005
  2.9100      0.34538889        1.04244447        1.38783336
  2.9200      0.34588888        1.04211104        1.38799989
  2.9300      0.34638891        1.04155552        1.38794446
  2.9400      0.34688890        1.04088891        1.38777781
  2.9500      0.34733334        1.03999996        1.38733327
  2.9600      0.34783334        1.03900003        1.38683343
  2.9700      0.34827778        1.03788888        1.38616669
  2.9800      0.34872222        1.03655565        1.38527787
  2.9900      0.34911111        1.03511107        1.38422215
  3.0000      0.34955555        1.03344440        1.38299990
  3.0100      0.34994444        1.03155565        1.38150012
  3.0200      0.35033336        1.02955556        1.37988889
  3.0300      0.35066667        1.02744448        1.37811112
  3.0400      0.35105553        1.02511108        1.37616658
  3.0500      0.35138887        1.02266669        1.37405562
  3.0600      0.35172221        1.02011108        1.37183332
  3.0700      0.35205555        1.01744437        1.36949992
  3.0800      0.35238889        1.01466668        1.36705554
  3.0900      0.35272223        1.01177776        1.36450005
  3.1000      0.35300002        1.00877786        1.36177790
  3.1100      0.35327780        1.00577784        1.35905564
  3.1200      0.35355556        1.00266671        1.35622227
  3.1300      0.35383335        0.99955559        1.35338891
  3.1400      0.35405555        0.99633336        1.35038888
  3.1500      0.35427776        0.99311107        1.34738886
  3.1600      0.35450000        0.99000001        1.34450006
  3.1700      0.35466665        0.98677772        1.34144437
  3.1800      0.35488889        0.98355561        1.33844447
  3.1900      0.35505554        0.98044449        1.33550000
  3.2000      0.35522223        0.97755557        1.33277774
  3.2100      0.35533333        0.97444451        1.32977784
  3.2200      0.35544443        0.97155559        1.32700002
  3.2300      0.35555556        0.96866673        1.32422233
  3.2400      0.35566667        0.96588886        1.32155550
  3.2500      0.35577777        0.96322221        1.31900001
  3.2600      0.35583335        0.96066666        1.31649995
  3.2700      0.35594445        0.95822221        1.31416667
  3.2800      0.35600001        0.95588887        1.31188893
  3.2900      0.35605556        0.95366669        1.30972219
  3.3000      0.35605556        0.95166665        1.30772221
  3.3100      0.35611111        0.94966668        1.30577779
  3.3200      0.35611111        0.94777775        1.30388880
  3.3300      0.35611111        0.94611114        1.30222225
  3.3400      0.35611111        0.94455558        1.30066669
  3.3500      0.35605556        0.94322228        1.29927778
  3.3600      0.35600001        0.94199997        1.29799998
  3.3700      0.35594445        0.94099998        1.29694438
  3.3800      0.35588890        0.94000000        1.29588890
  3.3900      0.35583335        0.93922222        1.29505563
  3.4000      0.35572222        0.93866664        1.29438889
  3.4100      0.35566667        0.93811113        1.29377782
  3.4200      0.35555556        0.93766671        1.29322231
  3.4300      0.35544443        0.93744451        1.29288888
  3.4400      0.35527778        0.93733335        1.29261112
  3.4500      0.35516667        0.93722230        1.29238892
  3.4600      0.35499999        0.93744451        1.29244447
  3.4700      0.35483333        0.93744451        1.29227781
  3.4800      0.35466665        0.93777776        1.29244447
  3.4900      0.35450000        0.93811113        1.29261112
  3.5000      0.35427776        0.93844444        1.29272223
  3.5100      0.35411111        0.93888885        1.29299998
  3.5200      0.35388890        0.93922222        1.29311109
  3.5300      0.35366669        0.93988883        1.29355550
  3.5400      0.35344446        0.94033337        1.29377782
  3.5500      0.35322222        0.94077778        1.29400003
  3.5600      0.35300002        0.94144440        1.29444444
  3.5700      0.35272223        0.94188893        1.29461122
  3.5800      0.35249999        0.94222218        1.29472220
  3.5900      0.35222223        0.94277775        1.29499996
  3.6000      0.35194445        0.94322228        1.29516673
  3.6100      0.35166666        0.94355553        1.29522216
  3.6200      0.35138887        0.94388890        1.29527783
  3.6300      0.35111111        0.94411111        1.29522228
  3.6400      0.35083333        0.94444448        1.29527783
  3.6500      0.35050002        0.94477779        1.29527783
  3.6600      0.35022223        0.94477779        1.29500008
  3.6700      0.34988889        0.94477779        1.29466665
  3.6800      0.34955555        0.94488889        1.29444444
  3.6900      0.34922221        0.94466668        1.29388893
  3.7000      0.34894446        0.94466668        1.29361117
  3.7100      0.34861112        0.94444448        1.29305553
  3.7200      0.34827778        0.94433331        1.29261112
  3.7300      0.34794444        0.94388890        1.29183340
  3.7400      0.34755555        0.94366670        1.29122221
  3.7500      0.34722224        0.94333333        1.29055560
  3.7600      0.34688890        0.94288892        1.28977776
  3.7700      0.34655556        0.94255555        1.28911114
  3.7800      0.34622222        0.94222218        1.28844440
  3.7900      0.34583333        0.94177777        1.28761113
  3.8000      0.34549999        0.94144440        1.28694439
  3.8100      0.34511110        0.94099998        1.28611112
  3.8200      0.34477776        0.94066662        1.28544438
  3.8300      0.34444442        0.94044441        1.28488886
  3.8400      0.34405556        0.94011116        1.28416669
  3.8500      0.34372222        0.93988883        1.28361106
  3.8600      0.34333333        0.93977779        1.28311110
  3.8700      0.34299999        0.93966663        1.28266668
  3.8800      0.34266669        0.93966663        1.28233337
  3.8900      0.34227777        0.93977779        1.28205562
  3.9000      0.34194446        0.94000000        1.28194451
  3.9100      0.34161112        0.94022220        1.28183329
  3.9200      0.34122223        0.94055557        1.28177786
  3.9300      0.34088889        0.94099998        1.28188884
  3.9400      0.34055558        0.94155556        1.28211117
  3.9500      0.34022224        0.94222218        1.28244448
  3.9600      0.33988890        0.94288892        1.28277779
  3.9700      0.33955556        0.94377786        1.28333342
  3.9800      0.33922222        0.94466668        1.28388894
  3.9900      0.33888888        0.94577777        1.28466666
  4.0000      0.33855554        0.94688892        1.28544450
  4.0100      0.33822221        0.94799995        1.28622222
  4.0200      0.33794445        0.94933331        1.28727770
  4.0300      0.33761111        0.95066667        1.28827775
  4.0400      0.33733335        0.95199996        1.28933334
  4.0500      0.33700001        0.95344448        1.29044449
  4.0600      0.33672222        0.95500004        1.29172230
  4.0700      0.33644447        0.95644444        1.29288888
  4.0800      0.33616668        0.95800000        1.29416668
  4.0900      0.33588889        0.95944446        1.29533339
  4.1000      0.33561110        0.96100003        1.29661107
  4.1100      0.33533332        0.96255559        1.29788888
  4.1200      0.33511111        0.96411115        1.29922223
  4.1300      0.33483332        0.96555549        1.30038881
  4.1400      0.33461109        0.96688884        1.30149996
  4.1500      0.33438888        0.96822220        1.30261111
  4.1600      0.33416668        0.96944451        1.30361116
  4.1700      0.33388892        0.97066671        1.30455565
  4.1800      0.33372223        0.97177780        1.30550003
  4.1900      0.33350000        0.97266662        1.30616665
  4.2000      0.33327779        0.97366661        1.30694437
  4.2100      0.33311111        0.97444451        1.30755568
  4.2200      0.33288890        0.97511113        1.30800009
  4.2300      0.33272222        0.97566670        1.30838895
  4.2400      0.33255556        0.97622228        1.30877781
  4.2500      0.33238888        0.97655553        1.30894446
  4.2600      0.33227777        0.97688890        1.30916667
  4.2700      0.33211112        0.97711110        1.30922222
  4.2800      0.33199999        0.97711110        1.30911112
  4.2900      0.33183333        0.97711110        1.30894446
  4.3000      0.33172223        0.97700006        1.30872226
  4.3100      0.33161110        0.97666669        1.30827785
  4.3200      0.33149999        0.97655553        1.30805552
  4.3300      0.33138889        0.97611111        1.30750000
  4.3400      0.33133334        0.97566670        1.30700004
  4.3500      0.33122221        0.97533333        1.30655551
  4.3600      0.33116665        0.97488892        1.30605555
  4.3700      0.33111110        0.97444451        1.30555558
  4.3800      0.33105555        0.97411114        1.30516672
  4.3900      0.33105555        0.97366661        1.30472219
  4.4000      0.33100000        0.97322220        1.30422223
  4.4100      0.33094445        0.97277778        1.30372226
  4.4200      0.33094445        0.97255558        1.30350006
  4.4300      0.33094445        0.97211105        1.30305552
  4.4400      0.33094445        0.97188884        1.30283332
  4.4500      0.33094445        0.97177780        1.30272222
  4.4600      0.33094445        0.97166663        1.30261111
  4.4700      0.33100000        0.97166663        1.30266666
  4.4800      0.33100000        0.97188884        1.30288887
  4.4900      0.33105555        0.97200000        1.30305552
  4.5000      0.33111110        0.97244442        1.30355549
  4.5100      0.33116665        0.97266662        1.30383325
  4.5200      0.33122221        0.97299999        1.30422223
  4.5300      0.33127776        0.97355556        1.30483329
  4.5400      0.33138889        0.97422218        1.30561113
  4.5500      0.33144444        0.97488892        1.30633330
  4.5600      0.33155555        0.97566670        1.30722225
  4.5700      0.33166665        0.97666669        1.30833340
  4.5800      0.33177778        0.97755557        1.30933332
  4.5900      0.33188888        0.97844440        1.31033325
  4.6000      0.33199999        0.97955555        1.31155550
  4.6100      0.33216667        0.98033333        1.31250000
  4.6200      0.33227777        0.98144448        1.31372225
  4.6300      0.33244446        0.98244447        1.31488895
  4.6400      0.33255556        0.98344445        1.31599998
  4.6500      0.33272222        0.98444444        1.31716669
  4.6600      0.33294445        0.98555553        1.31850004
  4.6700      0.33311111        0.98644447        1.31955552
  4.6800      0.33327779        0.98722225        1.32050002
  4.6900      0.33344445        0.98800004        1.32144451
  4.7000      0.33361113        0.98877782        1.32238889
  4.7100      0.33383334        0.98944443        1.32327771
  4.7200      0.33400002        0.99000001        1.32400000
  4.7300      0.33422223        0.99066669        1.32488894
  4.7400      0.33444443        0.99122220        1.32566667
  4.7500      0.33466667        0.99155551        1.32622218
  4.7600      0.33488888        0.99188888        1.32677770
  4.7700      0.33511111        0.99200004        1.32711112
  4.7800      0.33533332        0.99222225        1.32755554
  4.7900      0.33555555        0.99244446        1.32800007
  4.8000      0.33577779        0.99244446        1.32822227
  4.8100      0.33600000        0.99244446        1.32844448
  4.8200      0.33627778        0.99255550        1.32883334
  4.8300      0.33650002        0.99255550        1.32905555
  4.8400      0.33677778        0.99244446        1.32922220
  4.8500      0.33700001        0.99233329        1.32933331
  4.8600      0.33727780        0.99233329        1.32961106
  4.8700      0.33750001        0.99233329        1.32983327
  4.8800      0.33777776        0.99233329        1.33011103
  4.8900      0.33805555        0.99233329        1.33038878
  4.9000      0.33827779        0.99255550        1.33083332
  4.9100      0.33855554        0.99266666        1.33122218
  4.9200      0.33883333        0.99288887        1.33172226
  4.9300      0.33911112        0.99322224        1.33233333
  4.9400      0.33933333        0.99355561        1.33288896
  4.9500      0.33961111        0.99411106        1.33372211
  4.9600      0.33988890        0.99466664        1.33455551
  4.9700      0.34016669        0.99533337        1.33550000
  4.9800      0.34038889        0.99611115        1.33650005
  4.9900      0.34066668        0.99699998        1.33766663
  5.0000      0.34094444        0.99800003        1.33894444
  5.0100      0.34122223        0.99900001        1.34022224
  5.0200      0.34144443        1.00022221        1.34166670
  5.0300      0.34172222        1.00144446        1.34316671
  5.0400      0.34200001        1.00277770        1.34477770
  5.0500      0.34222221        1.00411105        1.34633327
  5.0600      0.34250000        1.00555563        1.34805560
  5.0700      0.34272224        1.00699997        1.34972215
  5.0800      0.34299999        1.00855553        1.35155559
  5.0900      0.34322223        1.00999999        1.35322225
  5.1000      0.34350002        1.01166666        1.35516667
  5.1100      0.34372222        1.01311111        1.35683334
  5.1200      0.34394446        1.01466668        1.35861111
  5.1300      0.34416667        1.01622224        1.36038888
  5.1400      0.34444442        1.01766670        1.36211109
  5.1500      0.34466666        1.01911116        1.36377788
  5.1600      0.34488890        1.02055562        1.36544454
  5.1700      0.34511110        1.02188885        1.36699998
  5.1800      0.34527779        1.02311110        1.36838889
  5.1900      0.34549999        1.02433336        1.36983335
  5.2000      0.34572223        1.02555549        1.37127769
  5.2100      0.34588888        1.02666664        1.37255549
  5.2200      0.34611112        1.02766669        1.37377787
  5.2300      0.34627777        1.02866673        1.37494445
  5.2400      0.34650001        1.02944446        1.37594450
  5.2500      0.34666666        1.03033328        1.37699997
  5.2600      0.34683335        1.03111112        1.37794447
  5.2700      0.34700000        1.03188884        1.37888885
  5.2800      0.34716669        1.03255558        1.37972224
  5.2900      0.34733334        1.03322220        1.38055551
  5.3000      0.34750000        1.03388894        1.38138890
  5.3100      0.34761110        1.03444445        1.38205552
  5.3200      0.34777778        1.03511107        1.38288879
  5.3300      0.34788889        1.03577769        1.38366652
  5.3400      0.34799999        1.03644443        1.38444448
  5.3500      0.34811109        1.03711104        1.38522220
  5.3600      0.34827778        1.03777778        1.38605559
  5.3700      0.34833333        1.03855562        1.38688898
  5.3800      0.34844443        1.03933334        1.38777781
  5.3900      0.34855556        1.04022229        1.38877785
  5.4000      0.34861112        1.04111111        1.38972223
  5.4100      0.34872222        1.04211104        1.39083326
  5.4200      0.34877777        1.04311109        1.39188886
  5.4300      0.34883332        1.04422224        1.39305556
  5.4400      0.34894446        1.04544449        1.39438891
  5.4500      0.34900001        1.04666674        1.39566672
  5.4600      0.34900001        1.04799998        1.39699996
  5.4700      0.34905556        1.04933333        1.39838886
  5.4800      0.34911111        1.05077779        1.39988887
  5.4900      0.34911111        1.05222225        1.40133333
  5.5000      0.34916666        1.05366671        1.40283334
  5.5100      0.34916666        1.05522215        1.40438879
  5.5200      0.34916666        1.05666673        1.40583336
  5.5300      0.34916666        1.05822229        1.40738893
  5.5400      0.34916666        1.05966663        1.40883327
  5.5500      0.34916666        1.06122220        1.41038883
  5.5600      0.34911111        1.06266665        1.41177773
  5.5700      0.34911111        1.06411111        1.41322219
  5.5800      0.34905556        1.06544447        1.41450000
  5.5900      0.34905556        1.06688893        1.41594446
  5.6000      0.34900001        1.06822228        1.41722226
  5.6100      0.34894446        1.06933331        1.41827774
  5.6200      0.34888890        1.07055557        1.41944444
  5.6300      0.34883332        1.07155561        1.42038894
  5.6400      0.34877777        1.07255554        1.42133331
  5.6500      0.34866667        1.07355559        1.42222226
  5.6600      0.34861112        1.07444441        1.42305553
  5.6700      0.34849998        1.07522225        1.42372227
  5.6800      0.34844443        1.07588887        1.42433333
  5.6900      0.34833333        1.07655561        1.42488897
  5.7000      0.34822223        1.07722223        1.42544448
  5.7100      0.34816667        1.07777774        1.42594445
  5.7200      0.34805554        1.07822227        1.42627788
  5.7300      0.34794444        1.07866669        1.42661119
  5.7400      0.34783334        1.07911110        1.42694449
  5.7500      0.34772220        1.07966673        1.42738891
  5.7600      0.34755555        1.08000004        1.42755556
  5.7700      0.34744444        1.08044446        1.42788887
  5.7800      0.34733334        1.08077776        1.42811108
  5.7900      0.34716669        1.08133340        1.42850006
  5.8000      0.34705558        1.08188891        1.42894447
  5.8100      0.34688890        1.08233333        1.42922223
  5.8200      0.34677780        1.08288896        1.42966676
  5.8300      0.34661111        1.08344448        1.43005562
  5.8400      0.34650001        1.08422232        1.43072236
  5.8500      0.34633335        1.08488894        1.43122232
  5.8600      0.34616667        1.08555567        1.43172240
  5.8700      0.34605557        1.08633339        1.43238902
  5.8800      0.34588888        1.08722222        1.43311107
  5.8900      0.34572223        1.08822215        1.43394434
  5.9000      0.34555554        1.08911109        1.43466663
  5.9100      0.34538889        1.08988893        1.43527782
  5.9200      0.34527779        1.09088886        1.43616664
  5.9300      0.34511110        1.09188890        1.43700004
  5.9400      0.34494445        1.09288895        1.43783343
  5.9500      0.34477776        1.09388888        1.43866658
  5.9600      0.34461111        1.09477770        1.43938875
  5.9700      0.34444442        1.09566665        1.44011104
  5.9800      0.34427777        1.09666669        1.44094443
  5.9900      0.34411111        1.09744442        1.44155550
  6.0000      0.34400001        1.09822226        1.44222224
  6.0100      0.34383336        1.09899998        1.44283330
  6.0200      0.34366667        1.09977782        1.44344449
  6.0300      0.34350002        1.10033333        1.44383335
  6.0400      0.34338892        1.10077775        1.44416666
  6.0500      0.34322223        1.10122228        1.44444454
  6.0600      0.34305558        1.10177779        1.44483340
  6.0700      0.34294444        1.10211110        1.44505548
  6.0800      0.34277779        1.10233331        1.44511104
  6.0900      0.34261110        1.10244441        1.44505548
  6.1000      0.34250000        1.10255563        1.44505560
  6.1100      0.34233335        1.10266662        1.44499993
  6.1200      0.34222221        1.10266662        1.44488883
  6.1300      0.34205556        1.10255563        1.44461119
  6.1400      0.34194446        1.10244441        1.44438887
  6.1500      0.34183332        1.10244441        1.44427776
  6.1600      0.34172222        1.10233331        1.44405556
  6.1700      0.34155554        1.10211110        1.44366670
  6.1800      0.34144443        1.10188890        1.44333339
  6.1900      0.34133333        1.10188890        1.44322228
  6.2000      0.34122223        1.10177779        1.44300008
  6.2100      0.34111109        1.10166669        1.44277775
  6.2200      0.34105554        1.10155547        1.44261098
  6.2300      0.34094444        1.10155547        1.44249988
  6.2400      0.34083334        1.10166669        1.44250000
  6.2500      0.34077778        1.10166669        1.44244444
  6.2600      0.34066668        1.10177779        1.44244444
  6.2700      0.34061113        1.10188890        1.44250000
  6.2800      0.34050003        1.10222220        1.44272220
  6.2900      0.34044445        1.10233331        1.44277775
  6.3000      0.34038889        1.10244441        1.44283330
  6.3100      0.34033334        1.10277784        1.44311118
  6.3200      0.34027779        1.10311115        1.44338894
  6.3300      0.34022224        1.10333335        1.44355559
  6.3400      0.34016669        1.10366666        1.44383335
  6.3500      0.34011114        1.10388899        1.44400012
  6.3600      0.34005556        1.10433340        1.44438899
  6.3700      0.34005556        1.10455561        1.44461119
  6.3800      0.34000000        1.10477781        1.44477785
  6.3900      0.34000000        1.10488892        1.44488895
  6.4000      0.33994445        1.10511112        1.44505560
  6.4100      0.33994445        1.10522223        1.44516671
  6.4200      0.33994445        1.10522223        1.44516671
  6.4300      0.33994445        1.10522223        1.44516671
  6.4400      0.33994445        1.10522223        1.44516671
  6.4500      0.33994445        1.10500002        1.44494450
  6.4600      0.33994445        1.10488892        1.44483340
  6.4700      0.33994445        1.10466671        1.44461119
  6.4800      0.33994445        1.10433340        1.44427788
  6.4900      0.34000000        1.10388899        1.44388902
  6.5000      0.34000000        1.10355556        1.44355559
  6.5100      0.34000000        1.10300004        1.44300008
  6.5200      0.34005556        1.10277784        1.44283342
  6.5300      0.34011114        1.10211110        1.44222224
  6.5400      0.34011114        1.10155547        1.44166660
  6.5500      0.34016669        1.10100007        1.44116676
  6.5600      0.34022224        1.10066664        1.44088888
  6.5700      0.34027779        1.10011113        1.44038892
  6.5800      0.34033334        1.09955561        1.43988895
  6.5900      0.34038889        1.09899998        1.43938887
  6.6000      0.34044445        1.09866667        1.43911111
  6.6100      0.34050003        1.09822226        1.43872225
  6.6200      0.34055558        1.09788883        1.43844438
  6.6300      0.34066668        1.09755564        1.43822229
  6.6400      0.34072223        1.09733343        1.43805563
  6.6500      0.34077778        1.09700000        1.43777776
  6.6600      0.34088889        1.09688890        1.43777776
  6.6700      0.34094444        1.09688890        1.43783331
  6.6800      0.34099999        1.09666669        1.43766665
  6.6900      0.34111109        1.09655559        1.43766665
  6.7000      0.34122223        1.09655559        1.43777776
  6.7100      0.34127778        1.09655559        1.43783331
  6.7200      0.34138888        1.09655559        1.43794441
  6.7300      0.34144443        1.09644449        1.43788886
  6.7400      0.34155554        1.09655559        1.43811107
  6.7500      0.34166667        1.09644449        1.43811119
  6.7600      0.34172222        1.09633327        1.43805552
  6.7700      0.34183332        1.09622228        1.43805563
  6.7800      0.34194446        1.09633327        1.43827772
  6.7900      0.34200001        1.09600008        1.43800008
  6.8000      0.34211111        1.09577787        1.43788898
  6.8100      0.34222221        1.09555554        1.43777776
  6.8200      0.34233335        1.09533334        1.43766665
  6.8300      0.34238890        1.09488893        1.43727779
  6.8400      0.34250000        1.09444451        1.43694448
  6.8500      0.34261110        1.09399998        1.43661106
  6.8600      0.34266669        1.09344447        1.43611121
  6.8700      0.34277779        1.09288895        1.43566680
  6.8800      0.34288889        1.09233344        1.43522239
  6.8900      0.34299999        1.09177780        1.43477774
  6.9000      0.34305558        1.09111106        1.43416667
  6.9100      0.34316668        1.09044445        1.43361115
  6.9200      0.34327778        1.08988893        1.43316674
  6.9300      0.34333333        1.08933330        1.43266666
  6.9400      0.34344447        1.08866668        1.43211114
  6.9500      0.34350002        1.08811116        1.43161118
  6.9600      0.34361112        1.08755553        1.43116665
  6.9700      0.34366667        1.08700001        1.43066669
  6.9800      0.34377781        1.08644450        1.43022227
  6.9900      0.34383336        1.08600008        1.42983341
  7.0000      0.34388891        1.08566666        1.42955554
  7.0100      0.34400001        1.08522224        1.42922223
  7.0200      0.34405556        1.08488894        1.42894447
  7.0300      0.34411111        1.08455551        1.42866659
  7.0400      0.34416667        1.08433330        1.42849994
  7.0500      0.34427777        1.08411109        1.42838883
  7.0600      0.34433332        1.08388889        1.42822218
  7.0700      0.34438887        1.08377779        1.42816663
  7.0800      0.34444442        1.08355558        1.42799997
  7.0900      0.34450001        1.08344448        1.42794442
  7.1000      0.34455556        1.08333337        1.42788887
  7.1100      0.34455556        1.08311117        1.42766666
  7.1200      0.34461111        1.08299994        1.42761111
  7.1300      0.34466666        1.08277774        1.42744446
  7.1400      0.34472221        1.08255553        1.42727780
  7.1500      0.34472221        1.08222222        1.42694449
  7.1600      0.34477776        1.08188891        1.42666674
  7.1700      0.34477776        1.08155560        1.42633343
  7.1800      0.34483331        1.08111107        1.42594433
  7.1900      0.34483331        1.08066666        1.42549992
  7.2000      0.34483331        1.08011115        1.42494440
  7.2100      0.34488890        1.07955551        1.42444444
  7.2200      0.34488890        1.07900012        1.42388904
  7.2300      0.34488890        1.07833338        1.42322230
  7.2400      0.34488890        1.07777774        1.42266667
  7.2500      0.34488890        1.07711112        1.42200005
  7.2600      0.34488890        1.07644439        1.42133331
  7.2700      0.34488890        1.07577777        1.42066669
  7.2800      0.34488890        1.07511103        1.41999996
  7.2900      0.34488890        1.07444441        1.41933334
  7.3000      0.34488890        1.07377779        1.41866672
  7.3100      0.34483331        1.07322228        1.41805553
  7.3200      0.34483331        1.07266676        1.41750002
  7.3300      0.34483331        1.07233334        1.41716671
  7.3400      0.34477776        1.07200003        1.41677785
  7.3500      0.34477776        1.07177782        1.41655564
  7.3600      0.34477776        1.07166672        1.41644454
  7.3700      0.34472221        1.07177782        1.41650009
  7.3800      0.34472221        1.07200003        1.41672230
  7.3900      0.34466666        1.07233334        1.41700006
  7.4000      0.34466666        1.07266676        1.41733336
  7.4100      0.34461111        1.07311118        1.41772223
  7.4200      0.34461111        1.07355559        1.41816664
  7.4300      0.34455556        1.07377779        1.41833329
  7.4400      0.34450001        1.07366669        1.41816664
  7.4500      0.34450001        1.07333338        1.41783333
  7.4600      0.34444442        1.07255554        1.41699994
  7.4700      0.34438887        1.07155561        1.41594446
  7.4800      0.34427777        1.07022226        1.41450000
  7.4900      0.34422222        1.06877780        1.41299999
  7.5000      0.34422222        1.06844449        1.41266668
  7.5100      0.34405556        1.06677783        1.41083336
  7.5200      0.34400001        1.06644440        1.41044438
  7.5300      0.34394446        1.06800008        1.41194451
  7.5400      0.34388891        1.06588900        1.40977788
  7.5500      0.34394446        1.07799995        1.42194438
  7.5600      0.34388891        1.07855558        1.42244446
  7.5700      0.34394446        1.08333337        1.42727780
  7.5800      0.34394446        1.08855557        1.43250000
  7.5900      0.34400001        1.09355557        1.43755555
  7.6000      0.34405556        1.09722221        1.44127774
  7.6100      0.34405556        1.09922218        1.44327772
  7.6200      0.34400001        1.09899998        1.44299996
  7.6300      0.34394446        1.09644449        1.44038892
  7.6400      0.34383336        1.09177780        1.43561113
  7.6500      0.34372222        1.08555567        1.42927790
  7.6600      0.34361112        1.07833338        1.42194450
  7.6700      0.34344447        1.07111120        1.41455567
  7.6800      0.34333333        1.06466663        1.40799999
  7.6900      0.34316668        1.05988884        1.40305555
  7.7000      0.34305558        1.05711114        1.40016675
  7.7100      0.34299999        1.05644453        1.39944458
  7.7200      0.34288889        1.05766666        1.40055561
  7.7300      0.34283334        1.06044447        1.40327787
  7.7400      0.34277779        1.06377780        1.40655565
  7.7500      0.34272224        1.06711113        1.40983343
  7.7600      0.34266669        1.06977785        1.41244459
  7.7700      0.34266669        1.07133341        1.41400003
  7.7800      0.34261110        1.07166672        1.41427779
  7.7900      0.34255555        1.07088888        1.41344440
  7.8000      0.34255555        1.06944442        1.41199994
  7.8100      0.34250000        1.06766665        1.41016662
  7.8200      0.34244445        1.06611121        1.40855563
  7.8300      0.34238890        1.06488883        1.40727770
  7.8400      0.34233335        1.06433344        1.40666676
  7.8500      0.34233335        1.06455564        1.40688896
  7.8600      0.34227777        1.06544447        1.40772223
  7.8700      0.34227777        1.06722224        1.40950000
  7.8800      0.34227777        1.06966662        1.41194439
  7.8900      0.34233335        1.07266676        1.41500008
  7.9000      0.34233335        1.07555556        1.41788888
  7.9100      0.34233335        1.07799995        1.42033327
  7.9200      0.34233335        1.07933331        1.42166662
  7.9300      0.34233335        1.07922232        1.42155564
  7.9400      0.34227777        1.07755554        1.41983330
  7.9500      0.34227777        1.07455552        1.41683328
  7.9600      0.34227777        1.07066667        1.41294444
  7.9700      0.34227777        1.06666672        1.40894449
  7.9800      0.34233335        1.06300008        1.40533340
  7.9900      0.34238890        1.06033337        1.40272224
  8.0000      0.34244445        1.05877781        1.40122223
  8.0100      0.34250000        1.05833328        1.40083325
  8.0200      0.34255555        1.05866671        1.40122223
  8.0300      0.34266669        1.05944443        1.40211105
  8.0400      0.34277779        1.06022227        1.40300012
  8.0500      0.34288889        1.06066668        1.40355563
  8.0600      0.34294444        1.06055558        1.40350008
  8.0700      0.34299999        1.05944443        1.40244436
  8.0800      0.34299999        1.05733335        1.40033340
  8.0900      0.34272224        1.04600000        1.38872218
  8.1000      0.34272224        1.04355562        1.38627791
  8.1100      0.34272224        1.04222226        1.38494444
  8.1200      0.34288889        1.04255557        1.38544440
  8.1300      0.34277779        1.04055560        1.38333344
  8.1400      0.34283334        1.04155552        1.38438892
  8.1500      0.34283334        1.04511118        1.38794446
  8.1600      0.34294444        1.05233335        1.39527774
  8.1700      0.34311113        1.06155550        1.40466666
  8.1800      0.34327778        1.07299995        1.41627777
  8.1900      0.34350002        1.08477771        1.42827773
  8.2000      0.34372222        1.09666669        1.44038892
  8.2100      0.34394446        1.10722220        1.45116663
  8.2200      0.34416667        1.11555552        1.45972216
  8.2300      0.34427777        1.12111115        1.46538889
  8.2400      0.34438887        1.12333333        1.46772218
  8.2500      0.34438887        1.12111115        1.46550000
  8.2600      0.34438887        1.11555552        1.45994437
  8.2700      0.34433332        1.10755563        1.45188892
  8.2800      0.34427777        1.09800005        1.44227779
  8.2900      0.34422222        1.08766663        1.43188882
  8.3000      0.34416667        1.07744443        1.42161107
  8.3100      0.34416667        1.06844449        1.41261113
  8.3200      0.34416667        1.06111109        1.40527773
  8.3300      0.34416667        1.05544436        1.39961100
  8.3400      0.34422222        1.05166674        1.39588892
  8.3500      0.34427777        1.04955554        1.39383328
  8.3600      0.34433332        1.04900002        1.39333332
  8.3700      0.34438887        1.04955554        1.39394438
  8.3800      0.34444442        1.05066669        1.39511108
  8.3900      0.34450001        1.05188894        1.39638901
  8.4000      0.34461111        1.05322230        1.39783335
  8.4100      0.34466666        1.05466664        1.39933324
  8.4200      0.34477776        1.05588889        1.40066671
  8.4300      0.34483331        1.05722225        1.40205550
  8.4400      0.34488890        1.05822229        1.40311122
  8.4500      0.34488890        1.05866671        1.40355563
  8.4600      0.34494445        1.05855560        1.40350008
  8.4700      0.34494445        1.05822229        1.40316677
  8.4800      0.34494445        1.05811107        1.40305555
  8.4900      0.34494445        1.05911112        1.40405560
  8.5000      0.34500000        1.06155550        1.40655553
  8.5100      0.34505555        1.06611121        1.41116679
  8.5200      0.34511110        1.07233334        1.41744447
  8.5300      0.34522223        1.07944453        1.42466676
  8.5400      0.34527779        1.08666670        1.43194449
  8.5500      0.34533334        1.09266663        1.43799996
  8.5600      0.34538889        1.09622228        1.44161117
  8.5700      0.34549999        1.09677780        1.44227779
  8.5800      0.34555554        1.09411108        1.43966663
  8.5900      0.34561113        1.08855557        1.43416667
  8.6000      0.34566668        1.08111107        1.42677772
  8.6100      0.34572223        1.07322228        1.41894448
  8.6200      0.34583333        1.06611121        1.41194451
  8.6300      0.34594446        1.06066668        1.40661120
  8.6400      0.34605557        1.05733335        1.40338898
  8.6500      0.34622222        1.05633330        1.40255547
  8.6600      0.34638891        1.05711114        1.40350008
  8.6700      0.34655556        1.05933344        1.40588903
  8.6800      0.34666666        1.06188893        1.40855563
  8.6900      0.34677780        1.06355548        1.41033328
  8.7000      0.34833333        1.10877776        1.45711112
  8.7100      0.34683335        1.06777775        1.41461110
  8.7200      0.34672225        1.05499995        1.40172219
  8.7300      0.34661111        1.04266667        1.38927782
  8.7400      0.34655556        1.03455555        1.38111115
  8.7500      0.34688890        1.03466666        1.38155556
  8.7600      0.34672225        1.02355552        1.37027776
  8.7700      0.34672225        1.01622224        1.36294448
  8.7800      0.34666666        1.01166666        1.35833335
  8.7900      0.34672225        1.01066661        1.35738885
  8.8000      0.34677780        1.01333332        1.36011112
  8.8100      0.34688890        1.01933336        1.36622226
  8.8200      0.34705558        1.02777779        1.37483335
  8.8300      0.34722224        1.03799999        1.38522220
  8.8400      0.34738889        1.04888880        1.39627767
  8.8500      0.34750000        1.05966663        1.40716660
  8.8600      0.34761110        1.06911111        1.41672218
  8.8700      0.34772220        1.07644439        1.42416656
  8.8800      0.34772220        1.08033335        1.42805552
  8.8900      0.34766665        1.08088887        1.42855549
  8.9000      0.34761110        1.07799995        1.42561102
  8.9100      0.34755555        1.07177782        1.41933334
  8.9200      0.34744444        1.06344450        1.41088891
  8.9300      0.34733334        1.05455554        1.40188885
  8.9400      0.34727779        1.04544449        1.39272225
  8.9500      0.34722224        1.03711104        1.38433325
  8.9600      0.34716669        1.02977777        1.37694442
  8.9700      0.34716669        1.02366674        1.37083340
  8.9800      0.34716669        1.01888895        1.36605561
  8.9900      0.34722224        1.01544440        1.36266661
  9.0000      0.34722224        1.01311111        1.36033332
  9.0100      0.34722224        1.01166666        1.35888886
  9.0200      0.34722224        1.01100004        1.35822225
  9.0300      0.34716669        1.01077783        1.35794449
  9.0400      0.34716669        1.01122224        1.35838890
  9.0500      0.34711114        1.01266670        1.35977781
  9.0600      0.34711114        1.01544440        1.36255550
  9.0700      0.34705558        1.01944447        1.36650002
  9.0800      0.34700000        1.02444446        1.37144446
  9.0900      0.34700000        1.02955556        1.37655556
  9.1000      0.34694445        1.03400004        1.38094449
  9.1100      0.34688890        1.03711104        1.38399994
  9.1200      0.34683335        1.03855562        1.38538897
  9.1300      0.34672225        1.03855562        1.38527787
  9.1400      0.34666666        1.03788888        1.38455558
  9.1500      0.34655556        1.03755558        1.38411117
  9.1600      0.34644446        1.03877783        1.38522232
  9.1700      0.34633335        1.04222226        1.38855565
  9.1800      0.34627777        1.04811108        1.39438891
  9.1900      0.34616667        1.05599999        1.40216660
  9.2000      0.34616667        1.06500006        1.41116667
  9.2100      0.34611112        1.07411110        1.42022228
  9.2200      0.34611112        1.08177781        1.42788887
  9.2300      0.34616667        1.08666670        1.43283343
  9.2400      0.34616667        1.08811116        1.43427777
  9.2500      0.34616667        1.08600008        1.43216681
  9.2600      0.34616667        1.08099997        1.42716670
  9.2700      0.34616667        1.07466662        1.42083335
  9.2800      0.34616667        1.06877780        1.41494441
  9.2900      0.34616667        1.06466663        1.41083336
  9.3000      0.34622222        1.06355548        1.40977764
  9.3100      0.34622222        1.06566668        1.41188884
  9.3200      0.34627777        1.07077777        1.41705561
  9.3300      0.34611112        1.06222224        1.40833330
  9.3400      0.34611112        1.06444442        1.41055560
  9.3500      0.34655556        1.09111106        1.43766665
  9.3600      0.34666666        1.08522224        1.43188894
  9.3700      0.34638891        1.07988894        1.42627788
  9.3800      0.34783334        1.11888885        1.46672225
  9.3900      0.34677780        1.08866668        1.43544447
  9.4000      0.34638891        1.06811106        1.41450000
  9.4100      0.34633335        1.05300009        1.39933348
  9.4200      0.34622222        1.03900003        1.38522220
  9.4300      0.34616667        1.02733338        1.37350011
  9.4400      0.34611112        1.01933336        1.36544442
  9.4500      0.34611112        1.01533329        1.36144447
  9.4600      0.34616667        1.01533329        1.36150002
  9.4700      0.34622222        1.01877773        1.36500001
  9.4800      0.34633335        1.02466667        1.37100005
  9.4900      0.34644446        1.03188884        1.37833333
  9.5000      0.34655556        1.03999996        1.38655555
  9.5100      0.34666666        1.04799998        1.39466667
  9.5200      0.34677780        1.05455554        1.40133333
  9.5300      0.34683335        1.05955565        1.40638900
  9.5400      0.34688890        1.06222224        1.40911114
  9.5500      0.34694445        1.06211114        1.40905559
  9.5600      0.34694445        1.05844450        1.40538895
  9.5700      0.34694445        1.05244446        1.39938891
  9.5800      0.34694445        1.04299998        1.38994443
  9.5900      0.34694445        1.03200006        1.37894452
  9.6000      0.34694445        1.02033329        1.36727774
  9.6100      0.34694445        1.00888884        1.35583329
  9.6200      0.34694445        0.99811107        1.34505558
  9.6300      0.34700000        0.98833340        1.33533335
  9.6400      0.34705558        0.98011112        1.32716668
  9.6500      0.34716669        0.97322220        1.32038891
  9.6600      0.34727779        0.96788895        1.31516671
  9.6700      0.34733334        0.96388894        1.31122231
  9.6800      0.34744444        0.96077782        1.30822229
  9.6900      0.34750000        0.95822221        1.30572224
  9.7000      0.34755555        0.95588887        1.30344439
  9.7100      0.34761110        0.95388889        1.30149996
  9.7200      0.34766665        0.95277774        1.30044436
  9.7300      0.34772220        0.95266670        1.30038893
  9.7400      0.34772220        0.95355552        1.30127776
  9.7500      0.34777778        0.95511109        1.30288887
  9.7600      0.34777778        0.95688897        1.30466676
  9.7700      0.34777778        0.95811111        1.30588889
  9.7800      0.34783334        0.95822221        1.30605555
  9.7900      0.34783334        0.95722222        1.30505562
  9.8000      0.34783334        0.95522225        1.30305552
  9.8100      0.34783334        0.95266670        1.30050004
  9.8200      0.34777778        0.95044446        1.29822230
  9.8300      0.34772220        0.94933331        1.29705548
  9.8400      0.34766665        0.95000005        1.29766667
  9.8500      0.34761110        0.95255554        1.30016661
  9.8600      0.34755555        0.95722222        1.30477774
  9.8700      0.34755555        0.96333337        1.31088889
  9.8800      0.34755555        0.97033334        1.31788886
  9.8900      0.34761110        0.97744447        1.32505560
  9.9000      0.34766665        0.98388886        1.33155549
  9.9100      0.34772220        0.98922223        1.33694446
  9.9200      0.34783334        0.99288887        1.34072220
  9.9300      0.34788889        0.99488896        1.34277785
  9.9400      0.34794444        0.99533337        1.34327781
  9.9500      0.34799999        0.99488896        1.34288895
  9.9600      0.34799999        0.99466664        1.34266663
  9.9700      0.34799999        0.99577779        1.34377778
  9.9800      0.34811109        1.00333333        1.35144448
  9.9900      0.34766665        0.97711110        1.32477772
 10.0000      0.34761110        0.98144448        1.32905590
