    2.1000   -471.89394837   -471.79188557   -471.75576858   -471.65822476   -471.61598110   -471.50482153      
    2.2000   -472.00472623   -471.91975052   -471.88548589   -471.77680605   -471.73679416   -471.65397018      
    2.3000   -472.08035044   -472.01195724   -471.97938388   -471.85973738   -471.82207275   -471.76558288      
    2.4000   -472.13041794   -472.07764335   -472.04657124   -471.91722967   -471.88187888   -471.84867671      
    2.5000   -472.16238335   -472.12329549   -472.09365499   -471.95649754   -471.92366065   -471.91035152      
    2.6000   -472.18229159   -472.15404321   -472.12578977   -471.98326848   -471.96059758   -471.94937102      
    2.7000   -472.19416679   -472.17361356   -472.14678429   -472.00181285   -471.99700681   -471.97058690      
    2.8000   -472.20100617   -472.18520109   -472.15983800   -472.02682012   -472.01607853   -471.98898498      
    2.9000   -472.20491008   -472.19096444   -472.16713775   -472.05166021   -472.02802040   -472.00794312      
    3.0000   -472.20728596   -472.19261792   -472.17038431   -472.07298728   -472.03887231   -472.02602351      
    3.1000   -472.2110663    -472.1934566    -472.1724926    -472.0940449    -472.0548701    -472.0514052    -472.0430446   -472.0405934     -471.9943075    -471.9779260   -471.9649117     -471.9329036   -471.9252355   -471.9122753      -471.9026506   -471.8939503   -471.8660610   -471.8521376
    3.2000   -472.2123585    -472.1904698    -472.1711616    -472.1103701    -472.0683170    -472.0619111    -472.0555684   -472.0534688     -472.0044241    -472.0031543   -471.9729955     -471.9652782   -471.9369160   -471.9358254      -471.9323665   -471.9087421   -471.8954989   -471.8848448
    3.3000   -472.2135089    -472.1865110    -472.1688229    -472.1246559    -472.0810804    -472.0700683    -472.0654864   -472.0635755     -472.0284380    -472.0115472   -471.9929731     -471.9790715   -471.9642701   -471.9598436      -471.9379898   -471.9263398   -471.9155649   -471.9072937
    3.4000   -472.2147095    -472.1820673    -472.1660478    -472.1372829    -472.0922194    -472.0767292    -472.0732222   -472.0714430     -472.0484641    -472.0197783   -472.0161022     -471.9882508   -471.9854089   -471.9808788      -471.9500237   -471.9464259   -471.9414903   -471.9297951
    3.5000   -472.2159762    -472.1775935    -472.1632365    -472.1481082    -472.1019126    -472.0819896    -472.0791479   -472.0776534     -472.0645532    -472.0356315   -472.0272920     -472.0083873   -472.0002487   -471.9917757      -471.9700014   -471.9662951   -471.9571220   -471.9467205
    3.6000   -472.2173959    -472.1734460    -472.1608196    -472.1572109    -472.1104080    -472.0860796    -472.0840695   -472.0826338     -472.0767234    -472.0511400   -472.0347337     -472.0251982   -472.0171773   -471.9985480      -471.9860698   -471.9857820   -471.9716066   -471.9597447
    3.7000   -472.2189679    -472.1697615    -472.1650742    -472.1584928    -472.1179179    -472.0898374    -472.0891045   -472.0868996     -472.0838290    -472.0632896   -472.0417296     -472.0391022   -472.0320466   -472.0054093      -472.0020513   -471.9988489   -471.9847866   -471.9706577
    3.8000   -472.2206965    -472.1712382    -472.1666266    -472.1568903    -472.1246097    -472.0963285    -472.0912449   -472.0908395     -472.0867554    -472.0724022   -472.0505197     -472.0481844   -472.0448884   -472.0152675      -472.0128954   -472.0080779   -471.9961760   -471.9795849
    3.9000   -472.2225572    -472.1760935    -472.1640685    -472.1557375    -472.1305897    -472.1015521    -472.0947520   -472.0925675     -472.0882133    -472.0789613   -472.0598284     -472.0558028   -472.0539911   -472.0257112      -472.0206273   -472.0143772   -472.0058650   -471.9866745
    4.0000   -472.2245003    -472.1797430    -472.1620737    -472.1550209    -472.1359136    -472.1054132    -472.0984478   -472.0933290     -472.0889516    -472.0836462   -472.0673659     -472.0649196   -472.0590697   -472.0337195      -472.0272878   -472.0193179   -472.0140150   -471.9922098
    4.1000   -472.2265421    -472.1826956    -472.1606455    -472.1547415    -472.1406226    -472.1082797    -472.1018133   -472.0936916     -472.0893173    -472.0873113   -472.0735847     -472.0724593   -472.0633006   -472.0397336      -472.0325312   -472.0233327   -472.0207569   -471.9964996
    4.2000   -472.2284289    -472.1844350    -472.1596312    -472.1546960    -472.1446981    -472.1103067    -472.1046725   -472.0937111     -472.0899384    -472.0893356   -472.0787113     -472.0781439   -472.0669338   -472.0440254      -472.0367116   -472.0267699   -472.0263318   -471.9997943
    4.3000   -472.2302046    -472.1853943    -472.1590053    -472.1548691    -472.1481946    -472.1118064    -472.1070481   -472.0937948     -472.0916257    -472.0892104   -472.0832634     -472.0820318   -472.0699476   -472.0470204      -472.0398796   -472.0308565   -472.0296075   -472.0022955
    4.4000   -472.2318333    -472.1857322    -472.1587174    -472.1551974    -472.1511358    -472.1129656    -472.1090095   -472.0945368     -472.0919505    -472.0891382   -472.0866321     -472.0849869   -472.0724421   -472.0490486      -472.0422026   -472.0344696   -472.0319284   -472.0041722
    4.5000   -472.2332917    -472.1855763    -472.1587404    -472.1556234    -472.1535277    -472.1139049    -472.1106274   -472.0954428     -472.0915310    -472.0900199   -472.0880725     -472.0872405   -472.0745090   -472.0503792      -472.0438399   -472.0373025   -472.0338133   -472.0055582
    4.6000   -472.2345696    -472.1850367    -472.1590952    -472.1560997    -472.1553380    -472.1146924    -472.1119594   -472.0960738     -472.0916032    -472.0909254   -472.0889882     -472.0879819   -472.0762223   -472.0512193      -472.0449334   -472.0394755   -472.0353353   -472.0065604
    4.7000   -472.2356677    -472.1842074    -472.1598091    -472.1565893    -472.1565364    -472.1153603    -472.1130507   -472.0964017     -472.0927713    -472.0902769   -472.0902497     -472.0877520   -472.0776407   -472.0517199      -472.0456062   -472.0410988   -472.0365586   -472.0072640
    4.8000   -472.2365932    -472.1831683    -472.1607555    -472.1572538    -472.1570652    -472.1159216    -472.1139385    -472.0964757    -472.0935147    -472.0911647    -472.0896394    -472.0874983    -472.0788121    -472.0519862    -472.0459620    -472.0422729    -472.0375384    -472.0077375
    5.0000   -472.23797653   -472.18071861   -472.16257206   -472.15806435   -472.15790774   -472.11675071   -472.11522850   -472.09609219   -472.09411249   -472.09221140   -472.08849090   -472.08702614   -472.08056604   -472.05207338   -472.04604715   -472.04362416   -472.03894449   -472.00820015
    5.1000   -472.23846354   -472.17940989   -472.16328677   -472.15834557   -472.15825725   -472.11703376   -472.11568421   -472.09573167   -472.09412530   -472.09244801   -472.08799930   -472.08681625   -472.08121031   -472.05197117   -472.04589831   -472.04394893   -472.03944049   -472.00826636
    5.2000   -472.23883439   -472.17809735   -472.16386104   -472.15858100   -472.15855558   -472.11724261   -472.11604357   -472.09530774   -472.09402178   -472.09254722   -472.08756525   -472.08662358   -472.08173309   -472.05180321   -472.04568042   -472.04411837   -472.03983454   -472.00826024
    5.3000   -472.23910380   -472.17680946   -472.16430705   -472.15880437   -472.15877885   -472.11738874   -472.11632480   -472.09484663   -472.09383913   -472.09253969   -472.08718615   -472.08644672   -472.08215504   -472.05158530   -472.04542366   -472.04417692   -472.04014736   -472.00820218
    5.4000   -472.23928566   -472.17556733   -472.16464025   -472.15900724   -472.15894377   -472.11748356   -472.11654308   -472.09436781   -472.09360398   -472.09245015   -472.08685758   -472.08628417   -472.08249379   -472.05132996   -472.04514980   -472.04415883   -472.04039584   -472.00810779
    5.5000   -472.23939275   -472.17438567   -472.16487641   -472.15916896   -472.15907942   -472.11753768   -472.11671093   -472.09388530   -472.09333528   -472.09229853   -472.08657419   -472.08613454   -472.08276437   -472.05104754   -472.04487402   -472.04408980   -472.04059396   -472.00798893
    5.6000   -472.23955030   -472.17477734   -472.16508713   -472.15937009   -472.15924901   -472.11796379   -472.11688380   -472.09345572   -472.09302508   -472.09212988   -472.08804364   -472.08628393   -472.08597096   -472.08288133   -472.05074063   -472.04458351   -472.04395060   -472.04071911
    5.7000   -472.23952882   -472.17364503   -472.16517029   -472.15946725   -472.15933769   -472.11796980   -472.11697938   -472.09299097   -472.09273653   -472.09190907   -472.09039444   -472.08607721   -472.08584577   -472.08305261   -472.05042845   -472.04433092   -472.04383293   -472.04084582
    5.8000   -472.23946457   -472.17258169   -472.16519614   -472.15953882   -472.15940687   -472.11795038   -472.11704964   -472.09273481   -472.09254300   -472.09214299   -472.09162867   -472.08589913   -472.08572890   -472.08318857   -472.05011094   -472.04409641   -472.04370634   -472.04094678
    5.9000   -472.23936566   -472.17159033   -472.16517482   -472.15958929   -472.15945949   -472.11791169   -472.11710000   -472.09423392   -472.09211430   -472.09203757   -472.09137877   -472.08574505   -472.08562053   -472.08329681   -472.04979268   -472.04388155   -472.04357741   -472.04102778
    6.0000   -472.23923910   -472.17067159   -472.16511506   -472.15962273   -472.15949828   -472.11785916   -472.11713481   -472.09565882   -472.09175114   -472.09170610   -472.09110751   -472.08561095   -472.08552007   -472.08338352   -472.04947721   -472.04368657   -472.04345049   -472.04109342
    6.1000   -472.23909088   -472.16982431   -472.16502431   -472.15964265   -472.15952568   -472.11779752   -472.11715754   -472.09685664   -472.09145991   -472.09131875   -472.09083168   -472.08549342   -472.08542693   -472.08345375   -472.04916723   -472.04351094   -472.04332846   -472.04114734
    6.2000   -472.23892611   -472.16904600   -472.16490894   -472.15965207   -472.15954384   -472.11773072   -472.11717104   -472.09784779   -472.09117356   -472.09095203   -472.09055614   -472.08538964   -472.08534056   -472.08351146   -472.04886473   -472.04335346   -472.04321299   -472.04119240
    6.3000   -472.23874910   -472.16833318   -472.16477435   -472.15965352   -472.15955461   -472.11766212   -472.11717750   -472.09865708   -472.09089475   -472.09060538   -472.09028405   -472.08529733   -472.08526047   -472.08355973   -472.04857111   -472.04321274   -472.04310503   -472.04123084
    6.4000   -472.23856351   -472.16768176   -472.16462510   -472.15964909   -472.15955959   -472.11759430   -472.11717871   -472.09930794   -472.09062465   -472.09027800   -472.09001766   -472.08521467   -472.08518624   -472.08360096   -472.04828738   -472.04308725   -472.04300497   -472.04126437
    6.5000   -472.23837237   -472.16708736   -472.16446508   -472.15964051   -472.15956013   -472.11752921   -472.11717609   -472.09982170   -472.09036393   -472.08996902   -472.08975854   -472.08514025   -472.08511749   -472.08363700   -472.04801417   -472.04297551   -472.04291285   -472.04129438
    6.6000   -472.23817826   -472.16654545   -472.16429757   -472.15962913   -472.15955736   -472.11746823   -472.11717076   -472.10021757   -472.09011298   -472.08967752   -472.08950779   -472.08507291   -472.08505391   -472.08366923   -472.04775186   -472.04287606   -472.04282852   -472.04132186
    6.7000   -472.23798332   -472.16605160   -472.16412535   -472.15961606   -472.15955223   -472.11741222   -472.11716363   -472.10051273   -472.08987207   -472.08940258   -472.08926617   -472.08501184   -472.08499518   -472.08369871   -472.04750073   -472.04278762   -472.04275164   -472.04134759
    6.8000   -472.23778935   -472.16560154   -472.16395075   -472.15960216   -472.15954550   -472.11736164   -472.11715541   -472.10072244   -472.08964131   -472.08914341   -472.08903415   -472.08495634   -472.08494109   -472.08372620   -472.04726082   -472.04270898   -472.04268184   -472.04137214
    6.9000   -472.23759783   -472.16519128   -472.16377574   -472.15958810   -472.15953781   -472.11731662   -472.11714665   -472.10086018   -472.08942077   -472.08889916   -472.08881205   -472.08490587   -472.08489140   -472.08375230   -472.04703211   -472.04263911   -472.04261868   -472.04139594
    7.0000   -472.23741000   -472.16481710   -472.16360196   -472.15957437   -472.15952968   -472.11727706   -472.11713781   -472.10093776   -472.08921044   -472.08866910   -472.08860001   -472.08486002   -472.08484589   -472.08377744   -472.04681450   -472.04257706   -472.04256171   -472.04141932
    7.1000   -472.23722674   -472.16447554   -472.16343062   -472.15956032   -472.15952051   -472.11724249   -472.11712901   -472.10096546   -472.08900981   -472.08845239   -472.08839801   -472.08481786   -472.08480377   -472.08380158   -472.04660730   -472.04252176   -472.04251017   -472.04144226
    7.2000   -472.23704908   -472.16416369   -472.16326316   -472.15954829   -472.15951265   -472.11721297   -472.11712094   -472.10095231   -472.08881966   -472.08824866   -472.08820617   -472.08478022   -472.08476600   -472.08382565   -472.04641138   -472.04247303   -472.04246431   -472.04146539
    7.3000   -472.23687731   -472.16387851   -472.16310010   -472.15953680   -472.15950406   -472.11718739   -472.11711301   -472.10090574   -472.08863911   -472.08805711   -472.08802413   -472.08474594   -472.08473150   -472.08384915   -472.04622540   -472.04242969   -472.04242316   -472.04148844
    7.4000   -472.23671232   -472.16361781   -472.16294250   -472.15952676   -472.15949704   -472.11716592   -472.11710609   -472.10083270   -472.08846829   -472.08787723   -472.08785202   -472.08471440   -472.08469961   -472.08387266   -472.04604997   -472.04239119   -472.04238605   -472.04151146
    7.5000   -472.23655417   -472.16337912   -472.16279046   -472.15951834   -472.15949144   -472.11714835   -472.11710007   -472.10073854   -472.08830717   -472.08770852   -472.08768949   -472.08468731   -472.08467219   -472.08389644   -472.04588490   -472.04235786   -472.04235384   -472.04153493
    7.6000   -472.23640298   -472.16316021   -472.16264495   -472.15951009   -472.15948488   -472.11713329   -472.11709468   -472.10062787   -472.08815382   -472.08755032   -472.08753619   -472.08466198   -472.08464654   -472.08391888   -472.04572859   -472.04232822   -472.04232504   -472.04155814
    7.7000   -472.23625928   -472.16295981   -472.16250594   -472.15950416   -472.15948063   -472.11712159   -472.11709079   -472.10050490   -472.08801027   -472.08740227   -472.08739201   -472.08464026   -472.08462450   -472.08394210   -472.04558161   -472.04230249   -472.04229984   -472.04158150
    7.8000   -472.23612291   -472.16277607   -472.16237354   -472.15949824   -472.15947626   -472.11711169   -472.11708721   -472.10037269   -472.08787558   -472.08726378   -472.08725644   -472.08462138   -472.08460533   -472.08396543   -472.04544389   -472.04228032   -472.04227807   -472.04160521
    7.9000   -472.23599324   -472.16260717   -472.16224765   -472.15949479   -472.15947390   -472.11710462   -472.11708524   -472.10023414   -472.08774871   -472.08713428   -472.08712887   -472.08460438   -472.08458807   -472.08398816   -472.04531402   -472.04226006   -472.04225814   -472.04162759
    8.0000   -472.23587084   -472.16245227   -472.16212835   -472.15949254   -472.15947240   -472.11709958   -472.11708430   -472.10009144   -472.08762996   -472.08701343   -472.08700954   -472.08458964   -472.08457331   -472.08401126   -472.04519290   -472.04224386   -472.04224195   -472.04165150
    8.2000   -472.23564798   -472.16217977   -472.16191031   -472.15949171   -472.15947284   -472.11709469   -472.11708536   -472.09980126   -472.08741476   -472.08679613   -472.08679401   -472.08456787   -472.08455116   -472.08405803   -472.04497341   -472.04221920   -472.04221746   -472.04169965
    8.4000   -472.23545096   -472.16194936   -472.16171722   -472.15949437   -472.15947607   -472.11709491   -472.11708935   -472.09951276   -472.08722631   -472.08660783   -472.08660594   -472.08455337   -472.08453632   -472.08410432   -472.04478133   -472.04220266   -472.04220094   -472.04174734
    8.6000   -472.23527656   -472.16175045   -472.16154312   -472.15949818   -472.15947885   -472.11709863   -472.11709531   -472.09922838   -472.08706088   -472.08644467   -472.08644011   -472.08454439   -472.08452713   -472.08414951   -472.04461346   -472.04219262   -472.04219085   -472.04179424
    8.8000   -472.23512385   -472.16158449   -472.16139367   -472.15950569   -472.15948613   -472.11710529   -472.11710338   -472.09896189   -472.08691676   -472.08630419   -472.08629787   -472.08454022   -472.08452255   -472.08419362   -472.04446673   -472.04218756   -472.04218583   -472.04183989
    9.0000   -472.23498971   -472.16144284   -472.16126268   -472.15951414   -472.15949355   -472.11711331   -472.11711200   -472.09871095   -472.08679039   -472.08618304   -472.08617416   -472.08453975   -472.08452192   -472.08423604   -472.04433818   -472.04218661   -472.04218475   -472.04188393
    9.2000   -472.23487131   -472.16131911   -472.16114461   -472.15952310   -472.15950190   -472.11712283   -472.11712199   -472.09847624   -472.08667364   -472.08607594   -472.08606469   -472.08454091   -472.08452295   -472.08427594   -472.04421718   -472.04218841   -472.04218648   -472.04192632
    9.4000   -472.23476792   -472.16121475   -472.16104364   -472.15953330   -472.15951145   -472.11713280   -472.11713225   -472.09825882   -472.08656959   -472.08597818   -472.08596755   -472.08452644   -472.08450978   -472.08431494   -472.04410543   -472.04218216   -472.04218010   -472.04196666
    9.6000   -472.23467536   -472.16112377   -472.16095393   -472.15954200   -472.15951786   -472.11714301   -472.11714176   -472.09805478   -472.08648350   -472.08589802   -472.08588366   -472.08453222   -472.08451571   -472.08435227   -472.04401954   -472.04218790   -472.04218589   -472.04200545
    9.8000   -472.23459244   -472.16104272   -472.16087306   -472.15955104   -472.15952856   -472.11715336   -472.11715218   -472.09786878   -472.08640541   -472.08582787   -472.08580817   -472.08451617   -472.08450872   -472.08438555   -472.04394255   -472.04218965   -472.04218944   -472.04204159
   10.0000   -472.23452042   -472.16097429   -472.16080417   -472.15956315   -472.15954056   -472.11716452   -472.11716367   -472.09769899   -472.08633744   -472.08576685   -472.08574495   -472.08452398   -472.08451664   -472.08441926   -472.04387456   -472.04219749   -472.04219723   -472.04207644
   10.2000   -472.23445197   -472.16091013   -472.16073827   -472.15957233   -472.15955043   -472.11717473   -472.11717385   -472.09754059   -472.08626364   -472.08571080   -472.08568175   -472.08453179   -472.08452458   -472.08445082   -472.04379580   -472.04220506   -472.04220496   -472.04210908
   10.4000   -472.23439122   -472.16085377   -472.16068113   -472.15958349   -472.15956046   -472.11718482   -472.11718393   -472.09739576   -472.08619696   -472.08566280   -472.08563002   -472.08454022   -472.08453317   -472.08448107   -472.04371762   -472.04221327   -472.04221315   -472.04214034
   10.6000   -472.23433726   -472.16080359   -472.16062973   -472.15959428   -472.15957115   -472.11719467   -472.11719381   -472.09726205   -472.08614672   -472.08552662   -472.08551691   -472.08454867   -472.08454160   -472.08450941   -472.04366769   -472.04222151   -472.04222138   -472.04216957
   10.8000   -472.23428807   -472.16055954   -472.16048317   -472.15960434   -472.15958112   -472.11720424   -472.11720341   -472.09713840   -472.08610082   -472.08548088   -472.08547186   -472.08455752   -472.08455029   -472.08453596   -472.04362222   -472.04222979   -472.04222967   -472.04219712
   11.0000   -472.23424296   -472.16051390   -472.16043787   -472.15961439   -472.15959101   -472.11721338   -472.11721261   -472.09702393   -472.08605869   -472.08543912   -472.08543054   -472.08456730   -472.08455949   -472.08455867   -472.04358050   -472.04223786   -472.04223776   -472.04222283
   11.2000   -472.23420140   -472.16047196   -472.16039615   -472.15962390   -472.15960039   -472.11722204   -472.11722131   -472.09691783   -472.08602016   -472.08540067   -472.08539247   -472.08458640   -472.08457230   -472.08456684   -472.04354233   -472.04224753   -472.04224562   -472.04224524
   11.4000   -472.23416185   -472.16043324   -472.16035753   -472.15963286   -472.15960923   -472.11723021   -472.11722953   -472.09681931   -472.08595153   -472.08536500   -472.08535716   -472.08460764   -472.08458027   -472.08457444   -472.04344032   -472.04226862   -472.04225298   -472.04225287
   11.6000   -472.23412288   -472.16039223   -472.16030345   -472.15963614   -472.15961269   -472.11723258   -472.11723244   -472.09672746   -472.08591071   -472.08532482   -472.08532224   -472.08462791   -472.08458551   -472.08457961   -472.04339956   -472.04229006   -472.04225798   -472.04225785
   11.8000   -472.23408975   -472.16035903   -472.16027023   -472.15964418   -472.15962062   -472.11723987   -472.11723977   -472.09664232   -472.08587965   -472.08529423   -472.08529173   -472.08464776   -472.08459250   -472.08458671   -472.04336844   -472.04231030   -472.04226474   -472.04226464
   12.0000   -472.23405897   -472.16032818   -472.16023933   -472.15965170   -472.15962805   -472.11724667   -472.11724664   -472.09656060   -472.08582673   -472.08526581   -472.08526359   -472.08466679   -472.08459928   -472.08459360   -472.04329070   -472.04233002   -472.04227130   -472.04227114
   12.5000   -472.23395484   -472.16025599   -472.16015331   -472.15966667   -472.15964244   -472.11726115   -472.11726091   -472.09637954   -472.08575482   -472.08517478   -472.08513577   -472.08470564   -472.08460654   -472.08460115   -472.04321579   -472.04236950   -472.04228477   -472.04228473
   13.0000   -472.23389235   -472.16019560   -472.16008623   -472.15967590   -472.15965084   -472.11726676   -472.11726648   -472.09620819   -472.08569861   -472.08511990   -472.08507992   -472.08473533   -472.08461533   -472.08461006   -472.04315765   -472.04240424   -472.04229474   -472.04229464
   13.5000   -472.23384616   -472.16014344   -472.16002940   -472.15967891   -472.15965787   -472.11727794   -472.11727723   -472.09608458   -472.08565441   -472.08507563   -472.08503376   -472.08476601   -472.08462509   -472.08461875   -472.04311464   -472.04243653   -472.04230571   -472.04230386
   14.0000   -472.23380220   -472.16008970   -472.15997204   -472.15968092   -472.15965953   -472.11728686   -472.11728634   -472.09597651   -472.08560073   -472.08502224   -472.08499268   -472.08478669   -472.08463393   -472.08462794   -472.04307247   -472.04246462   -472.04231292   -472.04231203
   14.5000   -472.23375467   -472.16003926   -472.15993863   -472.15968727   -472.15966810   -472.11729564   -472.11729527   -472.09584614   -472.08555733   -472.08498026   -472.08495452   -472.08481099   -472.08464256   -472.08463661   -472.04303875   -472.04248951   -472.04232188   -472.04232107
   15.0000   -472.23366870   -472.15998149   -472.15987815   -472.15968114   -472.15966581   -472.11730102   -472.11730079   -472.09575782   -472.08546806   -472.08491755   -472.08488712   -472.08483102   -472.08464236   -472.08463805   -472.04300557   -472.04251110   -472.04232764   -472.04232702
   15.5000   -472.23361485   -472.15991821   -472.15981796   -472.15967688   -472.15965899   -472.11730022   -472.11729934   -472.09568648   -472.08542928   -472.08488589   -472.08484884   -472.08484657   -472.08464649   -472.08464141   -472.04297238   -472.04252598   -472.04233137   -472.04232736
   16.0000   -472.23355704   -472.15988891   -472.15978668   -472.15967956   -472.15966215   -472.11730426   -472.11730381   -472.09561985   -472.08539244   -472.08485944   -472.08485474   -472.08481213   -472.08464686   -472.08464312   -472.04293760   -472.04253828   -472.04233235   -472.04233142
   16.5000   -472.23352238   -472.15983979   -472.15976194   -472.15967789   -472.15966554   -472.11730879   -472.11730774   -472.09556531   -472.08536934   -472.08487374   -472.08483292   -472.08479218   -472.08465138   -472.08464792   -472.04291403   -472.04255353   -472.04233615   -472.04233472
   17.0000   -472.23347866   -472.15980706   -472.15972646   -472.15966131   -472.15965400   -472.11728977   -472.11728927   -472.09550956   -472.08535671   -472.08488454   -472.08480133   -472.08477732   -472.08465489   -472.08464721   -472.04289217   -472.04256129   -472.04233695   -472.04233344
   17.5000   -472.23345126   -472.15976990   -472.15968864   -472.15965767   -472.15965550   -472.11729405   -472.11729321   -472.09546517   -472.08530188   -472.08489384   -472.08476283   -472.08472047   -472.08464977   -472.08464683   -472.04287534   -472.04257002   -472.04233762   -472.04233620
   18.0000   -472.23342949   -472.15974950   -472.15967104   -472.15965633   -472.15965566   -472.11729614   -472.11729514   -472.09540754   -472.08528595   -472.08490358   -472.08473484   -472.08470434   -472.08464721   -472.08464554   -472.04286124   -472.04258061   -472.04234004   -472.04233942
   18.5000   -472.23341531   -472.15973593   -472.15965706   -472.15965663   -472.15965396   -472.11729976   -472.11729859   -472.09537533   -472.08527319   -472.08491141   -472.08472223   -472.08469134   -472.08465000   -472.08464660   -472.04284919   -472.04259058   -472.04234371   -472.04234319
   19.0000   -472.23340335   -472.15972393   -472.15965967   -472.15965640   -472.15964514   -472.11730217   -472.11730168   -472.09534581   -472.08526233   -472.08492027   -472.08471122   -472.08468032   -472.08465309   -472.08465061   -472.04283845   -472.04259962   -472.04234692   -472.04234635
   19.5000   -472.23339090   -472.15971223   -472.15965418   -472.15965380   -472.15963215   -472.11729923   -472.11729749   -472.09531681   -472.08524719   -472.08491197   -472.08469926   -472.08466498   -472.08463794   -472.08463652   -472.04282416   -472.04259391   -472.04233418   -472.04233330
   20.0000   -472.23338123   -472.15970253   -472.15965749   -472.15965711   -472.15962255   -472.11730213   -472.11730046   -472.09529363   -472.08523845   -472.08491929   -472.08469037   -472.08465610   -472.08464101   -472.08463964   -472.04281549   -472.04260129   -472.04233706   -472.04233622
   20.5000   -472.23337249   -472.15969376   -472.15966050   -472.15966012   -472.15961388   -472.11729672   -472.11729630   -472.09524053   -472.08523056   -472.08492599   -472.08468234   -472.08464808   -472.08464381   -472.08464250   -472.04280767   -472.04260800   -472.04233509   -472.04233429
   21.0000   -472.23336422   -472.15968569   -472.15966321   -472.15966212   -472.15960520   -472.11729895   -472.11729838   -472.09522185   -472.08522320   -472.08493174   -472.08467503   -472.08464618   -472.08464468   -472.08464058   -472.04280035   -472.04261349   -472.04233657   -472.04233650
   21.5000   -472.23335625   -472.15967847   -472.15966455   -472.15966451   -472.15959710   -472.11730088   -472.11730086   -472.09520492   -472.08521657   -472.08493660   -472.08466837   -472.08464755   -472.08464654   -472.08463379   -472.04279394   -472.04261907   -472.04233890   -472.04233888
                                                  
